3,1,1664.0,418.0,135.42,307.29,1,-1,-1,-1
7,0,1668.0,371.0,159.84,362.7,1,-1,-1,-1
9,0,1666.0,385.0,146.62,332.71,1,-1,-1,-1
9,1,1326.0,489.0,67.474,153.11,1,-1,-1,-1
10,0,1689.0,385.0,146.62,332.71,1,-1,-1,-1
11,0,1689.0,385.0,146.62,332.71,1,-1,-1,-1
11,1,1326.0,500.0,67.474,153.11,1,-1,-1,-1
12,0,1689.0,408.0,146.62,332.71,1,-1,-1,-1
12,1,1326.0,490.0,73.864,167.61,1,-1,-1,-1
13,0,1689.0,385.0,146.62,332.71,1,-1,-1,-1
13,1,1326.0,490.0,73.864,167.61,1,-1,-1,-1
14,0,1668.0,371.0,159.84,362.7,1,-1,-1,-1
14,1,1326.0,490.0,73.864,167.61,1,-1,-1,-1
15,0,1668.0,371.0,159.84,362.7,1,-1,-1,-1
15,1,1825.0,535.0,33.737,76.557,1,-1,-1,-1
16,0,1668.0,371.0,159.84,362.7,1,-1,-1,-1
17,0,1666.0,385.0,146.62,332.71,1,-1,-1,-1
18,0,1666.0,408.0,146.62,332.71,1,-1,-1,-1
19,0,1666.0,408.0,146.62,332.71,1,-1,-1,-1
19,2,1350.0,503.0,61.514,139.59,1,-1,-1,-1
20,0,1643.0,371.0,159.84,362.7,1,-1,-1,-1
21,0,1643.0,371.0,159.84,362.7,1,-1,-1,-1
21,1,-52.0,254.0,270.83,614.58,1,-1,-1,-1
21,2,1349.0,490.0,73.864,167.61,1,-1,-1,-1
22,0,1643.0,396.0,159.84,362.7,1,-1,-1,-1
22,1,-52.0,254.0,270.83,614.58,1,-1,-1,-1
23,0,1643.0,354.0,175.68,398.65,1,-1,-1,-1
23,1,-52.0,254.0,270.83,614.58,1,-1,-1,-1
23,2,1349.0,490.0,73.864,167.61,1,-1,-1,-1
24,0,1619.0,396.0,159.84,362.7,1,-1,-1,-1
24,1,-52.0,254.0,270.83,614.58,1,-1,-1,-1
24,2,1349.0,490.0,73.864,167.61,1,-1,-1,-1
25,0,1619.0,396.0,159.84,362.7,1,-1,-1,-1
25,1,1349.0,490.0,73.864,167.61,1,-1,-1,-1
25,2,-10.0,254.0,270.83,614.58,1,-1,-1,-1
26,0,1619.0,396.0,159.84,362.7,1,-1,-1,-1
26,1,1349.0,490.0,73.864,167.61,1,-1,-1,-1
27,0,1616.0,354.0,175.68,398.65,1,-1,-1,-1
27,1,1349.0,490.0,73.864,167.61,1,-1,-1,-1
28,0,1616.0,354.0,175.68,398.65,1,-1,-1,-1
28,1,1349.0,490.0,73.864,167.61,1,-1,-1,-1
29,0,1619.0,371.0,159.84,362.7,1,-1,-1,-1
29,1,1349.0,490.0,73.864,167.61,1,-1,-1,-1
30,0,1616.0,354.0,175.68,398.65,1,-1,-1,-1
30,1,1339.0,480.0,79.918,181.35,1,-1,-1,-1
31,0,1616.0,354.0,175.68,398.65,1,-1,-1,-1
31,1,1349.0,490.0,73.864,167.61,1,-1,-1,-1
32,0,1619.0,396.0,159.84,362.7,1,-1,-1,-1
32,1,1349.0,490.0,73.864,167.61,1,-1,-1,-1
33,0,1616.0,354.0,175.68,398.65,1,-1,-1,-1
33,1,1339.0,480.0,79.918,181.35,1,-1,-1,-1
34,0,1616.0,354.0,175.68,398.65,1,-1,-1,-1
34,1,1349.0,490.0,73.864,167.61,1,-1,-1,-1
35,0,1616.0,354.0,175.68,398.65,1,-1,-1,-1
35,1,1349.0,490.0,73.864,167.61,1,-1,-1,-1
35,2,1670.0,381.0,175.68,398.65,1,-1,-1,-1
36,0,1616.0,354.0,175.68,398.65,1,-1,-1,-1
36,1,1349.0,490.0,73.864,167.61,1,-1,-1,-1
36,2,1670.0,381.0,175.68,398.65,1,-1,-1,-1
37,0,1616.0,354.0,175.68,398.65,1,-1,-1,-1
37,1,1349.0,490.0,73.864,167.61,1,-1,-1,-1
37,2,1670.0,381.0,175.68,398.65,1,-1,-1,-1
38,0,1616.0,354.0,175.68,398.65,1,-1,-1,-1
38,1,1349.0,490.0,73.864,167.61,1,-1,-1,-1
38,2,1670.0,381.0,175.68,398.65,1,-1,-1,-1
38,3,1752.0,290.0,207.45,470.74,1,-1,-1,-1
39,0,1616.0,381.0,175.68,398.65,1,-1,-1,-1
39,1,1349.0,490.0,73.864,167.61,1,-1,-1,-1
40,0,1622.0,354.0,189.32,429.61,1,-1,-1,-1
40,1,1349.0,490.0,73.864,167.61,1,-1,-1,-1
41,0,1622.0,354.0,189.32,429.61,1,-1,-1,-1
41,1,1349.0,490.0,73.864,167.61,1,-1,-1,-1
42,0,1622.0,354.0,189.32,429.61,1,-1,-1,-1
42,1,1349.0,490.0,73.864,167.61,1,-1,-1,-1
43,0,1616.0,381.0,175.68,398.65,1,-1,-1,-1
43,1,1349.0,490.0,73.864,167.61,1,-1,-1,-1
44,0,1593.0,354.0,189.32,429.61,1,-1,-1,-1
44,1,1349.0,490.0,73.864,167.61,1,-1,-1,-1
44,2,1737.0,283.0,226.74,514.53,1,-1,-1,-1
45,0,1622.0,354.0,189.32,429.61,1,-1,-1,-1
45,1,1349.0,490.0,73.864,167.61,1,-1,-1,-1
45,2,1752.0,290.0,207.45,470.74,1,-1,-1,-1
46,0,1593.0,354.0,189.32,429.61,1,-1,-1,-1
46,1,1349.0,490.0,73.864,167.61,1,-1,-1,-1
46,2,1752.0,290.0,207.45,470.74,1,-1,-1,-1
47,0,1593.0,354.0,189.32,429.61,1,-1,-1,-1
47,1,1349.0,490.0,73.864,167.61,1,-1,-1,-1
47,2,1737.0,283.0,226.74,514.53,1,-1,-1,-1
48,0,1593.0,354.0,189.32,429.61,1,-1,-1,-1
48,1,1349.0,490.0,73.864,167.61,1,-1,-1,-1
48,2,1737.0,283.0,226.74,514.53,1,-1,-1,-1
49,0,1593.0,354.0,189.32,429.61,1,-1,-1,-1
49,1,1349.0,490.0,73.864,167.61,1,-1,-1,-1
49,2,1752.0,290.0,207.45,470.74,1,-1,-1,-1
50,0,1593.0,354.0,189.32,429.61,1,-1,-1,-1
50,1,1349.0,490.0,73.864,167.61,1,-1,-1,-1
50,2,1737.0,283.0,226.74,514.53,1,-1,-1,-1
51,0,1564.0,354.0,189.32,429.61,1,-1,-1,-1
51,1,1349.0,490.0,73.864,167.61,1,-1,-1,-1
51,2,1643.0,381.0,175.68,398.65,1,-1,-1,-1
52,0,1593.0,354.0,189.32,429.61,1,-1,-1,-1
52,1,1349.0,490.0,73.864,167.61,1,-1,-1,-1
53,0,1593.0,354.0,189.32,429.61,1,-1,-1,-1
53,1,1349.0,490.0,73.864,167.61,1,-1,-1,-1
53,2,1737.0,283.0,226.74,514.53,1,-1,-1,-1
54,0,1593.0,354.0,189.32,429.61,1,-1,-1,-1
54,1,1349.0,490.0,73.864,167.61,1,-1,-1,-1
55,0,1528.0,322.0,207.45,470.74,1,-1,-1,-1
55,1,1349.0,490.0,73.864,167.61,1,-1,-1,-1
55,2,1622.0,354.0,189.32,429.61,1,-1,-1,-1
56,1,1349.0,490.0,73.864,167.61,1,-1,-1,-1
57,0,1564.0,354.0,189.32,429.61,1,-1,-1,-1
57,1,1349.0,490.0,73.864,167.61,1,-1,-1,-1
57,2,579.0,522.0,135.42,307.29,1,-1,-1,-1
58,1,1737.0,283.0,226.74,514.53,1,-1,-1,-1
59,0,1737.0,283.0,226.74,514.53,1,-1,-1,-1
59,1,1349.0,490.0,73.864,167.61,1,-1,-1,-1
59,2,1622.0,354.0,189.32,429.61,1,-1,-1,-1
60,0,1702.0,283.0,226.74,514.53,1,-1,-1,-1
60,1,1349.0,490.0,73.864,167.61,1,-1,-1,-1
60,3,1622.0,354.0,189.32,429.61,1,-1,-1,-1
61,0,1554.0,514.0,123.42,280.06,1,-1,-1,-1
61,1,1702.0,283.0,226.74,514.53,1,-1,-1,-1
62,0,1702.0,283.0,226.74,514.53,1,-1,-1,-1
62,1,1554.0,514.0,123.42,280.06,1,-1,-1,-1
62,2,1349.0,490.0,73.864,167.61,1,-1,-1,-1
63,0,1528.0,322.0,207.45,470.74,1,-1,-1,-1
64,0,1528.0,322.0,207.45,470.74,1,-1,-1,-1
64,1,1702.0,283.0,226.74,514.53,1,-1,-1,-1
64,2,1349.0,490.0,73.864,167.61,1,-1,-1,-1
65,2,1702.0,283.0,226.74,514.53,1,-1,-1,-1
66,1,1349.0,490.0,73.864,167.61,1,-1,-1,-1
66,2,1680.0,236.0,250.0,567.31,1,-1,-1,-1
67,1,1349.0,490.0,73.864,167.61,1,-1,-1,-1
67,2,1535.0,408.0,175.68,398.65,1,-1,-1,-1
68,1,1349.0,490.0,73.864,167.61,1,-1,-1,-1
68,2,1535.0,354.0,189.32,429.61,1,-1,-1,-1
68,3,409.0,447.0,103.17,234.13,1,-1,-1,-1
69,1,1349.0,490.0,73.864,167.61,1,-1,-1,-1
69,2,1528.0,353.0,207.45,470.74,1,-1,-1,-1
70,0,1680.0,236.0,250.0,567.31,1,-1,-1,-1
70,1,1349.0,490.0,73.864,167.61,1,-1,-1,-1
70,2,1528.0,353.0,207.45,470.74,1,-1,-1,-1
70,3,409.0,447.0,103.17,234.13,1,-1,-1,-1
71,0,1496.0,353.0,207.45,470.74,1,-1,-1,-1
71,1,1339.0,480.0,79.918,181.35,1,-1,-1,-1
71,2,1680.0,236.0,250.0,567.31,1,-1,-1,-1
72,0,1349.0,490.0,73.864,167.61,1,-1,-1,-1
72,1,1496.0,353.0,207.45,470.74,1,-1,-1,-1
72,2,1680.0,236.0,250.0,567.31,1,-1,-1,-1
73,0,1496.0,353.0,207.45,470.74,1,-1,-1,-1
73,1,1349.0,490.0,73.864,167.61,1,-1,-1,-1
73,2,1680.0,236.0,250.0,567.31,1,-1,-1,-1
74,0,1349.0,490.0,73.864,167.61,1,-1,-1,-1
74,1,1496.0,353.0,207.45,470.74,1,-1,-1,-1
74,2,1680.0,236.0,250.0,567.31,1,-1,-1,-1
75,0,1349.0,490.0,73.864,167.61,1,-1,-1,-1
75,1,1528.0,353.0,207.45,470.74,1,-1,-1,-1
75,2,799.0,542.0,113.37,257.27,1,-1,-1,-1
76,0,1496.0,353.0,207.45,470.74,1,-1,-1,-1
76,1,1339.0,480.0,79.918,181.35,1,-1,-1,-1
77,0,1349.0,490.0,73.864,167.61,1,-1,-1,-1
77,1,1667.0,283.0,226.74,514.53,1,-1,-1,-1
77,2,1492.0,318.0,226.74,514.53,1,-1,-1,-1
78,0,1339.0,480.0,79.918,181.35,1,-1,-1,-1
78,1,1667.0,283.0,226.74,514.53,1,-1,-1,-1
79,0,1339.0,480.0,79.918,181.35,1,-1,-1,-1
79,1,1492.0,318.0,226.74,514.53,1,-1,-1,-1
79,2,1642.0,275.0,250.0,567.31,1,-1,-1,-1
80,0,1492.0,318.0,226.74,514.53,1,-1,-1,-1
80,1,1349.0,490.0,73.864,167.61,1,-1,-1,-1
80,2,1642.0,275.0,250.0,567.31,1,-1,-1,-1
81,0,1349.0,490.0,73.864,167.61,1,-1,-1,-1
81,1,1496.0,353.0,207.45,470.74,1,-1,-1,-1
81,2,1642.0,275.0,250.0,567.31,1,-1,-1,-1
82,0,1458.0,318.0,226.74,514.53,1,-1,-1,-1
82,1,1349.0,490.0,73.864,167.61,1,-1,-1,-1
82,2,1642.0,275.0,250.0,567.31,1,-1,-1,-1
83,0,1339.0,480.0,79.918,181.35,1,-1,-1,-1
83,1,1680.0,275.0,250.0,567.31,1,-1,-1,-1
83,2,1458.0,318.0,226.74,514.53,1,-1,-1,-1
84,0,1339.0,480.0,79.918,181.35,1,-1,-1,-1
84,2,1656.0,258.0,207.45,470.74,1,-1,-1,-1
85,0,1464.0,353.0,207.45,470.74,1,-1,-1,-1
85,1,1339.0,480.0,79.918,181.35,1,-1,-1,-1
85,2,1656.0,258.0,207.45,470.74,1,-1,-1,-1
86,0,1458.0,318.0,226.74,514.53,1,-1,-1,-1
86,2,1656.0,258.0,207.45,470.74,1,-1,-1,-1
87,0,1458.0,318.0,226.74,514.53,1,-1,-1,-1
87,1,1349.0,490.0,73.864,167.61,1,-1,-1,-1
87,2,1656.0,258.0,207.45,470.74,1,-1,-1,-1
88,0,1656.0,258.0,207.45,470.74,1,-1,-1,-1
88,1,1349.0,490.0,73.864,167.61,1,-1,-1,-1
88,2,920.0,290.0,207.45,470.74,1,-1,-1,-1
88,3,1458.0,318.0,226.74,514.53,1,-1,-1,-1
89,0,1349.0,490.0,73.864,167.61,1,-1,-1,-1
89,1,920.0,290.0,207.45,470.74,1,-1,-1,-1
89,2,1656.0,258.0,207.45,470.74,1,-1,-1,-1
90,0,1617.0,254.0,270.83,614.58,1,-1,-1,-1
90,1,952.0,290.0,207.45,470.74,1,-1,-1,-1
90,3,1423.0,353.0,226.74,514.53,1,-1,-1,-1
91,0,952.0,290.0,207.45,470.74,1,-1,-1,-1
91,1,1617.0,254.0,270.83,614.58,1,-1,-1,-1
91,2,1339.0,480.0,79.918,181.35,1,-1,-1,-1
92,0,952.0,290.0,207.45,470.74,1,-1,-1,-1
92,1,1617.0,254.0,270.83,614.58,1,-1,-1,-1
93,0,1576.0,254.0,270.83,614.58,1,-1,-1,-1
93,1,1432.0,385.0,207.45,470.74,1,-1,-1,-1
94,0,1617.0,254.0,270.83,614.58,1,-1,-1,-1
94,2,449.0,438.0,113.37,257.27,1,-1,-1,-1
94,4,1310.0,545.0,52.0,118.0,1,-1,-1,-1
95,0,1617.0,254.0,270.83,614.58,1,-1,-1,-1
95,1,984.0,290.0,207.45,470.74,1,-1,-1,-1
95,3,1440.0,520.0,146.62,332.71,1,-1,-1,-1
96,0,1576.0,254.0,270.83,614.58,1,-1,-1,-1
96,2,449.0,438.0,113.37,257.27,1,-1,-1,-1
97,0,1576.0,254.0,270.83,614.58,1,-1,-1,-1
97,1,467.0,420.0,113.37,257.27,1,-1,-1,-1
97,3,1028.0,322.0,159.84,362.7,1,-1,-1,-1
98,0,1576.0,254.0,270.83,614.58,1,-1,-1,-1
98,1,467.0,438.0,113.37,257.27,1,-1,-1,-1
98,2,1400.0,385.0,207.45,470.74,1,-1,-1,-1
99,0,1576.0,254.0,270.83,614.58,1,-1,-1,-1
99,1,1087.0,542.0,94.66,214.81,1,-1,-1,-1
100,0,1576.0,254.0,270.83,614.58,1,-1,-1,-1
100,1,1091.0,526.0,103.17,234.13,1,-1,-1,-1
100,2,467.0,438.0,113.37,257.27,1,-1,-1,-1
101,0,1576.0,254.0,270.83,614.58,1,-1,-1,-1
101,2,1368.0,417.0,207.45,470.74,1,-1,-1,-1
102,0,1576.0,254.0,270.83,614.58,1,-1,-1,-1
102,1,472.0,431.0,103.17,234.13,1,-1,-1,-1
102,2,1368.0,417.0,207.45,470.74,1,-1,-1,-1
102,3,1048.0,290.0,207.45,470.74,1,-1,-1,-1
103,2,1353.0,353.0,226.74,514.53,1,-1,-1,-1
104,0,1534.0,213.0,270.83,614.58,1,-1,-1,-1
104,1,467.0,420.0,113.37,257.27,1,-1,-1,-1
104,2,1334.0,313.0,250.0,567.31,1,-1,-1,-1
105,1,467.0,438.0,113.37,257.27,1,-1,-1,-1
105,2,1310.0,545.0,52.0,118.0,1,-1,-1,-1
106,0,1534.0,213.0,270.83,614.58,1,-1,-1,-1
106,1,467.0,438.0,113.37,257.27,1,-1,-1,-1
106,2,1310.0,545.0,52.0,118.0,1,-1,-1,-1
107,0,1534.0,213.0,270.83,614.58,1,-1,-1,-1
107,1,467.0,438.0,113.37,257.27,1,-1,-1,-1
108,0,1534.0,213.0,270.83,614.58,1,-1,-1,-1
108,1,467.0,438.0,113.37,257.27,1,-1,-1,-1
109,0,1526.0,198.0,250.0,567.31,1,-1,-1,-1
109,1,467.0,438.0,113.37,257.27,1,-1,-1,-1
110,0,1526.0,236.0,250.0,567.31,1,-1,-1,-1
110,1,467.0,438.0,113.37,257.27,1,-1,-1,-1
111,0,1527.0,248.0,226.74,514.53,1,-1,-1,-1
111,1,451.0,419.0,123.42,280.06,1,-1,-1,-1
112,0,1527.0,248.0,226.74,514.53,1,-1,-1,-1
112,1,451.0,419.0,123.42,280.06,1,-1,-1,-1
113,0,1526.0,236.0,250.0,567.31,1,-1,-1,-1
113,1,451.0,419.0,123.42,280.06,1,-1,-1,-1
114,0,451.0,419.0,123.42,280.06,1,-1,-1,-1
114,1,1492.0,213.0,270.83,614.58,1,-1,-1,-1
115,0,1492.0,213.0,270.83,614.58,1,-1,-1,-1
115,1,451.0,419.0,123.42,280.06,1,-1,-1,-1
116,0,1219.0,313.0,250.0,567.31,1,-1,-1,-1
116,1,451.0,419.0,123.42,280.06,1,-1,-1,-1
116,2,1492.0,213.0,270.83,614.58,1,-1,-1,-1
117,0,1200.0,296.0,270.83,614.58,1,-1,-1,-1
117,1,1492.0,213.0,270.83,614.58,1,-1,-1,-1
117,2,451.0,419.0,123.42,280.06,1,-1,-1,-1
118,0,1200.0,296.0,270.83,614.58,1,-1,-1,-1
118,1,1492.0,213.0,270.83,614.58,1,-1,-1,-1
118,2,451.0,419.0,123.42,280.06,1,-1,-1,-1
119,0,1181.0,313.0,250.0,567.31,1,-1,-1,-1
119,1,1488.0,198.0,250.0,567.31,1,-1,-1,-1
119,2,451.0,419.0,123.42,280.06,1,-1,-1,-1
120,0,1181.0,313.0,250.0,567.31,1,-1,-1,-1
120,1,1488.0,198.0,250.0,567.31,1,-1,-1,-1
120,2,451.0,419.0,123.42,280.06,1,-1,-1,-1
121,0,451.0,419.0,123.42,280.06,1,-1,-1,-1
121,1,1158.0,296.0,270.83,614.58,1,-1,-1,-1
121,2,1492.0,213.0,226.74,514.53,1,-1,-1,-1
122,0,1450.0,198.0,250.0,567.31,1,-1,-1,-1
122,1,1158.0,296.0,270.83,614.58,1,-1,-1,-1
122,2,451.0,419.0,123.42,280.06,1,-1,-1,-1
123,0,451.0,419.0,123.42,280.06,1,-1,-1,-1
123,1,1450.0,171.0,270.83,614.58,1,-1,-1,-1
123,2,1158.0,296.0,270.83,614.58,1,-1,-1,-1
124,0,1450.0,198.0,250.0,567.31,1,-1,-1,-1
124,1,449.0,420.0,113.37,257.27,1,-1,-1,-1
124,2,1158.0,296.0,270.83,614.58,1,-1,-1,-1
125,0,451.0,419.0,123.42,280.06,1,-1,-1,-1
125,1,1450.0,198.0,250.0,567.31,1,-1,-1,-1
126,0,1215.0,500.0,189.32,429.61,1,-1,-1,-1
126,1,449.0,420.0,113.37,257.27,1,-1,-1,-1
126,2,1450.0,171.0,270.83,614.58,1,-1,-1,-1
127,1,1158.0,338.0,270.83,614.58,1,-1,-1,-1
128,0,449.0,420.0,113.37,257.27,1,-1,-1,-1
128,1,1117.0,338.0,270.83,614.58,1,-1,-1,-1
128,2,1409.0,171.0,270.83,614.58,1,-1,-1,-1
129,1,100.0,490.0,113.37,257.27,1,-1,-1,-1
129,2,1450.0,159.0,250.0,567.31,1,-1,-1,-1
130,0,1478.0,234.0,33.737,76.557,1,-1,-1,-1
131,1,1409.0,213.0,270.83,614.58,1,-1,-1,-1
132,0,432.0,400.0,123.42,280.06,1,-1,-1,-1
134,0,432.0,400.0,123.42,280.06,1,-1,-1,-1
135,0,432.0,400.0,123.42,280.06,1,-1,-1,-1
136,0,1395.0,610.0,146.62,332.71,1,-1,-1,-1
138,0,1325.0,171.0,270.83,614.58,1,-1,-1,-1
139,1,433.0,397.0,135.42,307.29,1,-1,-1,-1
140,0,1325.0,171.0,270.83,614.58,1,-1,-1,-1
140,1,432.0,400.0,123.42,280.06,1,-1,-1,-1
141,0,1325.0,171.0,270.83,614.58,1,-1,-1,-1
141,1,1074.0,492.0,226.74,514.53,1,-1,-1,-1
141,2,1400.0,512.0,207.45,470.74,1,-1,-1,-1
142,0,1284.0,171.0,270.83,614.58,1,-1,-1,-1
143,0,1284.0,171.0,270.83,614.58,1,-1,-1,-1
143,1,1368.0,544.0,207.45,470.74,1,-1,-1,-1
144,0,1284.0,171.0,270.83,614.58,1,-1,-1,-1
144,3,308.0,418.0,135.42,307.29,1,-1,-1,-1
145,0,1284.0,171.0,270.83,614.58,1,-1,-1,-1
145,3,-52.0,296.0,270.83,614.58,1,-1,-1,-1
146,0,432.0,400.0,123.42,280.06,1,-1,-1,-1
146,1,1284.0,171.0,270.83,614.58,1,-1,-1,-1
147,0,1284.0,171.0,270.83,614.58,1,-1,-1,-1
147,2,308.0,418.0,135.42,307.29,1,-1,-1,-1
148,0,432.0,400.0,123.42,280.06,1,-1,-1,-1
148,1,29.0,313.0,250.0,567.31,1,-1,-1,-1
149,0,432.0,400.0,123.42,280.06,1,-1,-1,-1
150,0,433.0,397.0,135.42,307.29,1,-1,-1,-1
150,1,1242.0,171.0,270.83,614.58,1,-1,-1,-1
151,0,432.0,400.0,123.42,280.06,1,-1,-1,-1
151,2,288.0,408.0,146.62,332.71,1,-1,-1,-1
152,0,433.0,397.0,135.42,307.29,1,-1,-1,-1
153,0,433.0,397.0,135.42,307.29,1,-1,-1,-1
153,1,1800.0,521.0,36.723,83.333,1,-1,-1,-1
154,0,182.0,313.0,250.0,567.31,1,-1,-1,-1
155,0,182.0,313.0,250.0,567.31,1,-1,-1,-1
156,1,451.0,400.0,123.42,280.06,1,-1,-1,-1
159,1,1244.0,617.0,189.32,429.61,1,-1,-1,-1
160,0,446.0,408.0,146.62,332.71,1,-1,-1,-1
161,0,259.0,313.0,250.0,567.31,1,-1,-1,-1
162,0,298.0,313.0,250.0,567.31,1,-1,-1,-1
163,0,298.0,313.0,250.0,567.31,1,-1,-1,-1
164,0,340.0,318.0,226.74,514.53,1,-1,-1,-1
165,0,375.0,318.0,226.74,514.53,1,-1,-1,-1
166,0,1400.0,492.0,79.918,181.35,1,-1,-1,-1
167,0,1395.0,502.0,73.864,167.61,1,-1,-1,-1
168,0,1388.0,492.0,79.918,181.35,1,-1,-1,-1
169,0,1395.0,502.0,73.864,167.61,1,-1,-1,-1
170,0,1388.0,492.0,79.918,181.35,1,-1,-1,-1
171,0,1395.0,502.0,73.864,167.61,1,-1,-1,-1
173,0,1378.0,454.0,94.66,214.81,1,-1,-1,-1
175,0,1388.0,480.0,79.918,181.35,1,-1,-1,-1
175,1,1575.0,510.0,67.474,153.11,1,-1,-1,-1
176,0,1395.0,490.0,73.864,167.61,1,-1,-1,-1
176,2,1333.0,550.0,56.686,128.63,1,-1,-1,-1
177,0,1406.0,490.0,73.864,167.61,1,-1,-1,-1
177,1,1535.0,381.0,123.42,280.06,1,-1,-1,-1
177,2,1333.0,550.0,56.686,128.63,1,-1,-1,-1
178,0,1406.0,502.0,73.864,167.61,1,-1,-1,-1
178,2,1342.0,550.0,56.686,128.63,1,-1,-1,-1
179,0,1409.0,510.0,67.474,153.11,1,-1,-1,-1
179,1,1342.0,550.0,56.686,128.63,1,-1,-1,-1
179,2,1549.0,403.0,113.37,257.27,1,-1,-1,-1
180,0,1409.0,510.0,67.474,153.11,1,-1,-1,-1
180,1,1554.0,381.0,123.42,280.06,1,-1,-1,-1
180,2,1342.0,550.0,56.686,128.63,1,-1,-1,-1
181,0,1406.0,502.0,73.864,167.61,1,-1,-1,-1
181,1,1554.0,381.0,123.42,280.06,1,-1,-1,-1
182,0,1409.0,500.0,67.474,153.11,1,-1,-1,-1
182,1,1567.0,403.0,113.37,257.27,1,-1,-1,-1
183,0,1406.0,502.0,73.864,167.61,1,-1,-1,-1
183,1,1567.0,403.0,113.37,257.27,1,-1,-1,-1
184,0,1406.0,502.0,73.864,167.61,1,-1,-1,-1
184,1,1351.0,550.0,56.686,128.63,1,-1,-1,-1
185,0,1406.0,490.0,73.864,167.61,1,-1,-1,-1
185,1,1351.0,550.0,56.686,128.63,1,-1,-1,-1
185,2,1573.0,381.0,123.42,280.06,1,-1,-1,-1
186,1,1573.0,381.0,123.42,280.06,1,-1,-1,-1
186,2,1359.0,550.0,56.686,128.63,1,-1,-1,-1
187,1,1573.0,381.0,123.42,280.06,1,-1,-1,-1
187,2,1359.0,550.0,56.686,128.63,1,-1,-1,-1
188,1,47.0,246.0,175.68,398.65,1,-1,-1,-1
188,2,1573.0,381.0,123.42,280.06,1,-1,-1,-1
189,1,1573.0,381.0,123.42,280.06,1,-1,-1,-1
189,2,68.0,249.0,159.84,362.7,1,-1,-1,-1
190,0,1412.0,480.0,79.918,181.35,1,-1,-1,-1
191,0,1416.0,474.0,87.838,199.32,1,-1,-1,-1
191,1,1599.0,399.0,103.17,234.13,1,-1,-1,-1
191,2,507.0,381.0,175.68,398.65,1,-1,-1,-1
192,0,1416.0,474.0,87.838,199.32,1,-1,-1,-1
193,2,1440.0,513.0,73.864,167.61,1,-1,-1,-1
194,1,1602.0,385.0,113.37,257.27,1,-1,-1,-1
195,2,1806.0,521.0,36.723,83.333,1,-1,-1,-1
196,1,1378.0,531.0,67.474,153.11,1,-1,-1,-1
197,0,1422.0,469.0,94.66,214.81,1,-1,-1,-1
197,1,198.0,213.0,270.83,614.58,1,-1,-1,-1
197,2,1372.0,524.0,73.864,167.61,1,-1,-1,-1
198,1,198.0,213.0,270.83,614.58,1,-1,-1,-1
199,0,1408.0,447.0,103.17,234.13,1,-1,-1,-1
200,0,1422.0,469.0,94.66,214.81,1,-1,-1,-1
200,1,259.0,236.0,250.0,567.31,1,-1,-1,-1
201,0,1430.0,488.0,87.838,199.32,1,-1,-1,-1
202,0,1436.0,469.0,94.66,214.81,1,-1,-1,-1
202,1,1611.0,381.0,123.42,280.06,1,-1,-1,-1
202,2,298.0,236.0,250.0,567.31,1,-1,-1,-1
203,0,1436.0,469.0,94.66,214.81,1,-1,-1,-1
204,0,1436.0,469.0,94.66,214.81,1,-1,-1,-1
204,1,1630.0,399.0,103.17,234.13,1,-1,-1,-1
205,0,1440.0,447.0,103.17,234.13,1,-1,-1,-1
206,0,1440.0,447.0,103.17,234.13,1,-1,-1,-1
207,0,1440.0,447.0,103.17,234.13,1,-1,-1,-1
207,2,1408.0,463.0,103.17,234.13,1,-1,-1,-1
208,0,1427.0,438.0,113.37,257.27,1,-1,-1,-1
209,0,1440.0,447.0,103.17,234.13,1,-1,-1,-1
209,1,1654.0,385.0,113.37,257.27,1,-1,-1,-1
210,0,1440.0,447.0,103.17,234.13,1,-1,-1,-1
210,1,633.0,354.0,189.32,429.61,1,-1,-1,-1
211,0,1440.0,447.0,103.17,234.13,1,-1,-1,-1
212,0,1444.0,438.0,113.37,257.27,1,-1,-1,-1
212,1,559.0,273.0,146.62,332.71,1,-1,-1,-1
213,0,1444.0,438.0,113.37,257.27,1,-1,-1,-1
213,2,1671.0,385.0,113.37,257.27,1,-1,-1,-1
214,0,1444.0,438.0,113.37,257.27,1,-1,-1,-1
214,3,1806.0,521.0,36.723,83.333,1,-1,-1,-1
215,0,1444.0,438.0,113.37,257.27,1,-1,-1,-1
215,1,1678.0,399.0,103.17,234.13,1,-1,-1,-1
215,2,532.0,254.0,270.83,614.58,1,-1,-1,-1
215,4,1806.0,521.0,36.723,83.333,1,-1,-1,-1
216,0,1444.0,438.0,113.37,257.27,1,-1,-1,-1
216,2,574.0,254.0,270.83,614.58,1,-1,-1,-1
216,3,966.0,430.0,146.62,332.71,1,-1,-1,-1
217,0,1444.0,438.0,113.37,257.27,1,-1,-1,-1
217,1,1678.0,399.0,103.17,234.13,1,-1,-1,-1
217,2,574.0,254.0,270.83,614.58,1,-1,-1,-1
217,3,976.0,460.0,135.42,307.29,1,-1,-1,-1
217,5,1069.0,325.0,189.32,429.61,1,-1,-1,-1
218,0,1462.0,438.0,113.37,257.27,1,-1,-1,-1
218,1,605.0,275.0,250.0,567.31,1,-1,-1,-1
218,2,1678.0,399.0,103.17,234.13,1,-1,-1,-1
218,3,1596.0,425.0,94.66,214.81,1,-1,-1,-1
218,4,976.0,460.0,135.42,307.29,1,-1,-1,-1
219,0,1462.0,438.0,113.37,257.27,1,-1,-1,-1
219,1,605.0,275.0,250.0,567.31,1,-1,-1,-1
219,2,1599.0,415.0,103.17,234.13,1,-1,-1,-1
219,3,1678.0,399.0,103.17,234.13,1,-1,-1,-1
220,0,1462.0,438.0,113.37,257.27,1,-1,-1,-1
220,1,1694.0,399.0,103.17,234.13,1,-1,-1,-1
220,2,605.0,275.0,250.0,567.31,1,-1,-1,-1
220,3,1599.0,415.0,103.17,234.13,1,-1,-1,-1
221,0,1462.0,438.0,113.37,257.27,1,-1,-1,-1
221,1,643.0,275.0,250.0,567.31,1,-1,-1,-1
221,2,1678.0,399.0,103.17,234.13,1,-1,-1,-1
221,3,1599.0,415.0,103.17,234.13,1,-1,-1,-1
222,0,1462.0,438.0,113.37,257.27,1,-1,-1,-1
222,1,643.0,275.0,250.0,567.31,1,-1,-1,-1
222,2,1678.0,399.0,103.17,234.13,1,-1,-1,-1
223,0,682.0,275.0,250.0,567.31,1,-1,-1,-1
223,1,1462.0,438.0,113.37,257.27,1,-1,-1,-1
223,2,1678.0,399.0,103.17,234.13,1,-1,-1,-1
224,0,682.0,275.0,250.0,567.31,1,-1,-1,-1
224,1,1462.0,438.0,113.37,257.27,1,-1,-1,-1
224,2,1678.0,399.0,103.17,234.13,1,-1,-1,-1
225,0,682.0,275.0,250.0,567.31,1,-1,-1,-1
226,0,724.0,283.0,226.74,514.53,1,-1,-1,-1
226,1,1495.0,469.0,94.66,214.81,1,-1,-1,-1
226,2,1710.0,399.0,103.17,234.13,1,-1,-1,-1
226,4,1471.0,541.0,67.474,153.11,1,-1,-1,-1
226,5,1156.0,354.0,175.68,398.65,1,-1,-1,-1
227,0,724.0,283.0,226.74,514.53,1,-1,-1,-1
227,3,240.0,338.0,270.83,614.58,1,-1,-1,-1
228,0,1504.0,463.0,103.17,234.13,1,-1,-1,-1
228,1,760.0,290.0,207.45,470.74,1,-1,-1,-1
228,2,240.0,296.0,270.83,614.58,1,-1,-1,-1
228,4,323.0,338.0,270.83,614.58,1,-1,-1,-1
229,0,1504.0,463.0,103.17,234.13,1,-1,-1,-1
229,1,759.0,283.0,226.74,514.53,1,-1,-1,-1
229,3,1710.0,399.0,103.17,234.13,1,-1,-1,-1
229,4,1471.0,552.0,67.474,153.11,1,-1,-1,-1
230,0,1504.0,463.0,103.17,234.13,1,-1,-1,-1
230,1,758.0,275.0,250.0,567.31,1,-1,-1,-1
230,2,323.0,296.0,270.83,614.58,1,-1,-1,-1
230,4,1727.0,396.0,94.66,214.81,1,-1,-1,-1
231,0,1497.0,438.0,113.37,257.27,1,-1,-1,-1
231,4,407.0,338.0,270.83,614.58,1,-1,-1,-1
232,0,1497.0,438.0,113.37,257.27,1,-1,-1,-1
232,1,1726.0,399.0,103.17,234.13,1,-1,-1,-1
232,2,407.0,338.0,270.83,614.58,1,-1,-1,-1
232,4,323.0,296.0,270.83,614.58,1,-1,-1,-1
233,0,1497.0,438.0,113.37,257.27,1,-1,-1,-1
233,2,1742.0,410.0,94.66,214.81,1,-1,-1,-1
233,4,323.0,296.0,270.83,614.58,1,-1,-1,-1
234,0,1497.0,438.0,113.37,257.27,1,-1,-1,-1
234,1,407.0,338.0,270.83,614.58,1,-1,-1,-1
234,2,1742.0,399.0,103.17,234.13,1,-1,-1,-1
234,4,323.0,296.0,270.83,614.58,1,-1,-1,-1
235,0,1514.0,438.0,113.37,257.27,1,-1,-1,-1
235,1,407.0,338.0,270.83,614.58,1,-1,-1,-1
235,2,829.0,283.0,226.74,514.53,1,-1,-1,-1
235,3,1742.0,399.0,103.17,234.13,1,-1,-1,-1
235,4,490.0,296.0,270.83,614.58,1,-1,-1,-1
236,0,1514.0,438.0,113.37,257.27,1,-1,-1,-1
236,1,1757.0,399.0,103.17,234.13,1,-1,-1,-1
236,2,829.0,283.0,226.74,514.53,1,-1,-1,-1
236,4,490.0,338.0,270.83,614.58,1,-1,-1,-1
237,0,1514.0,438.0,113.37,257.27,1,-1,-1,-1
237,1,1757.0,399.0,103.17,234.13,1,-1,-1,-1
237,2,490.0,296.0,270.83,614.58,1,-1,-1,-1
237,3,864.0,283.0,226.74,514.53,1,-1,-1,-1
237,4,1237.0,363.0,146.62,332.71,1,-1,-1,-1
238,1,1757.0,399.0,103.17,234.13,1,-1,-1,-1
238,3,449.0,296.0,270.83,614.58,1,-1,-1,-1
238,4,1143.0,418.0,135.42,307.29,1,-1,-1,-1
239,0,1538.0,483.0,94.66,214.81,1,-1,-1,-1
239,1,528.0,313.0,250.0,567.31,1,-1,-1,-1
239,2,864.0,283.0,226.74,514.53,1,-1,-1,-1
239,3,1757.0,399.0,103.17,234.13,1,-1,-1,-1
239,5,1181.0,583.0,67.474,153.11,1,-1,-1,-1
240,1,856.0,290.0,207.45,470.74,1,-1,-1,-1
240,3,1742.0,399.0,103.17,234.13,1,-1,-1,-1
241,0,888.0,290.0,207.45,470.74,1,-1,-1,-1
241,1,532.0,296.0,270.83,614.58,1,-1,-1,-1
241,3,1742.0,399.0,103.17,234.13,1,-1,-1,-1
242,0,532.0,296.0,270.83,614.58,1,-1,-1,-1
242,1,1516.0,419.0,123.42,280.06,1,-1,-1,-1
242,2,899.0,283.0,226.74,514.53,1,-1,-1,-1
242,3,1757.0,399.0,103.17,234.13,1,-1,-1,-1
243,0,528.0,313.0,250.0,567.31,1,-1,-1,-1
243,1,1516.0,419.0,123.42,280.06,1,-1,-1,-1
243,3,934.0,283.0,226.74,514.53,1,-1,-1,-1
244,0,528.0,313.0,250.0,567.31,1,-1,-1,-1
244,1,952.0,290.0,207.45,470.74,1,-1,-1,-1
244,2,1742.0,399.0,103.17,234.13,1,-1,-1,-1
244,3,1516.0,419.0,123.42,280.06,1,-1,-1,-1
245,0,934.0,283.0,226.74,514.53,1,-1,-1,-1
245,1,528.0,313.0,250.0,567.31,1,-1,-1,-1
245,2,1553.0,483.0,94.66,214.81,1,-1,-1,-1
246,0,984.0,290.0,207.45,470.74,1,-1,-1,-1
246,1,1757.0,399.0,103.17,234.13,1,-1,-1,-1
246,3,566.0,313.0,250.0,567.31,1,-1,-1,-1
246,4,920.0,322.0,207.45,470.74,1,-1,-1,-1
246,5,682.0,313.0,250.0,567.31,1,-1,-1,-1
247,0,969.0,283.0,226.74,514.53,1,-1,-1,-1
247,1,1757.0,399.0,103.17,234.13,1,-1,-1,-1
247,2,1516.0,419.0,123.42,280.06,1,-1,-1,-1
247,5,1282.0,363.0,146.62,332.71,1,-1,-1,-1
248,0,984.0,290.0,207.45,470.74,1,-1,-1,-1
248,1,1535.0,419.0,123.42,280.06,1,-1,-1,-1
248,3,1773.0,399.0,103.17,234.13,1,-1,-1,-1
248,4,585.0,353.0,226.74,514.53,1,-1,-1,-1
248,5,1192.0,385.0,146.62,332.71,1,-1,-1,-1
249,0,758.0,313.0,250.0,567.31,1,-1,-1,-1
249,1,984.0,322.0,207.45,470.74,1,-1,-1,-1
249,2,1535.0,419.0,123.42,280.06,1,-1,-1,-1
249,3,1773.0,399.0,103.17,234.13,1,-1,-1,-1
249,5,1214.0,385.0,146.62,332.71,1,-1,-1,-1
250,0,1773.0,399.0,103.17,234.13,1,-1,-1,-1
250,2,1004.0,283.0,226.74,514.53,1,-1,-1,-1
250,3,720.0,313.0,250.0,567.31,1,-1,-1,-1
250,5,940.0,354.0,175.68,398.65,1,-1,-1,-1
251,0,1773.0,399.0,103.17,234.13,1,-1,-1,-1
251,1,758.0,313.0,250.0,567.31,1,-1,-1,-1
251,2,1004.0,283.0,226.74,514.53,1,-1,-1,-1
251,3,1532.0,438.0,113.37,257.27,1,-1,-1,-1
252,0,758.0,313.0,250.0,567.31,1,-1,-1,-1
252,2,1773.0,399.0,103.17,234.13,1,-1,-1,-1
252,3,1532.0,438.0,113.37,257.27,1,-1,-1,-1
252,5,1567.0,455.0,113.37,257.27,1,-1,-1,-1
253,0,758.0,313.0,250.0,567.31,1,-1,-1,-1
253,1,1789.0,399.0,103.17,234.13,1,-1,-1,-1
253,2,1040.0,325.0,189.32,429.61,1,-1,-1,-1
253,3,1532.0,438.0,113.37,257.27,1,-1,-1,-1
253,4,655.0,353.0,226.74,514.53,1,-1,-1,-1
254,0,1789.0,399.0,103.17,234.13,1,-1,-1,-1
254,1,794.0,318.0,226.74,514.53,1,-1,-1,-1
254,2,1048.0,322.0,207.45,470.74,1,-1,-1,-1
254,3,1532.0,438.0,113.37,257.27,1,-1,-1,-1
254,5,1252.0,634.0,36.723,83.333,1,-1,-1,-1
255,0,797.0,313.0,250.0,567.31,1,-1,-1,-1
255,1,1789.0,399.0,103.17,234.13,1,-1,-1,-1
255,2,1048.0,322.0,207.45,470.74,1,-1,-1,-1
255,3,1532.0,438.0,113.37,257.27,1,-1,-1,-1
255,4,1567.0,455.0,113.37,257.27,1,-1,-1,-1
256,0,835.0,313.0,250.0,567.31,1,-1,-1,-1
256,1,1789.0,399.0,103.17,234.13,1,-1,-1,-1
256,2,1532.0,438.0,113.37,257.27,1,-1,-1,-1
256,3,696.0,353.0,207.45,470.74,1,-1,-1,-1
256,5,1420.0,550.0,56.686,128.63,1,-1,-1,-1
257,0,835.0,313.0,250.0,567.31,1,-1,-1,-1
257,1,696.0,353.0,207.45,470.74,1,-1,-1,-1
257,2,1532.0,438.0,113.37,257.27,1,-1,-1,-1
257,3,1789.0,399.0,103.17,234.13,1,-1,-1,-1
257,4,1080.0,322.0,207.45,470.74,1,-1,-1,-1
258,0,728.0,353.0,207.45,470.74,1,-1,-1,-1
258,1,835.0,313.0,250.0,567.31,1,-1,-1,-1
258,2,1102.0,322.0,159.84,362.7,1,-1,-1,-1
258,3,1789.0,399.0,103.17,234.13,1,-1,-1,-1
259,0,874.0,313.0,250.0,567.31,1,-1,-1,-1
259,1,728.0,353.0,207.45,470.74,1,-1,-1,-1
259,2,1126.0,322.0,159.84,362.7,1,-1,-1,-1
259,3,1532.0,438.0,113.37,257.27,1,-1,-1,-1
259,4,1800.0,410.0,94.66,214.81,1,-1,-1,-1
260,0,760.0,353.0,207.45,470.74,1,-1,-1,-1
260,1,1126.0,322.0,159.84,362.7,1,-1,-1,-1
260,2,874.0,313.0,250.0,567.31,1,-1,-1,-1
260,3,1532.0,438.0,113.37,257.27,1,-1,-1,-1
261,0,760.0,353.0,207.45,470.74,1,-1,-1,-1
261,2,899.0,353.0,226.74,514.53,1,-1,-1,-1
261,3,1815.0,410.0,94.66,214.81,1,-1,-1,-1
261,4,1127.0,325.0,189.32,429.61,1,-1,-1,-1
261,5,1646.0,478.0,103.17,234.13,1,-1,-1,-1
262,0,760.0,353.0,207.45,470.74,1,-1,-1,-1
262,1,1535.0,463.0,103.17,234.13,1,-1,-1,-1
262,2,1815.0,410.0,94.66,214.81,1,-1,-1,-1
262,3,934.0,353.0,226.74,514.53,1,-1,-1,-1
262,4,1112.0,322.0,207.45,470.74,1,-1,-1,-1
263,0,792.0,353.0,207.45,470.74,1,-1,-1,-1
263,2,934.0,318.0,226.74,514.53,1,-1,-1,-1
263,3,1671.0,529.0,79.918,181.35,1,-1,-1,-1
263,4,1112.0,322.0,207.45,470.74,1,-1,-1,-1
263,5,1829.0,410.0,94.66,214.81,1,-1,-1,-1
264,0,792.0,353.0,207.45,470.74,1,-1,-1,-1
264,1,1532.0,438.0,113.37,257.27,1,-1,-1,-1
264,2,912.0,313.0,250.0,567.31,1,-1,-1,-1
264,3,1112.0,322.0,207.45,470.74,1,-1,-1,-1
264,4,1829.0,410.0,94.66,214.81,1,-1,-1,-1
265,0,1532.0,438.0,113.37,257.27,1,-1,-1,-1
265,1,792.0,353.0,207.45,470.74,1,-1,-1,-1
265,2,934.0,353.0,226.74,514.53,1,-1,-1,-1
265,3,1144.0,322.0,207.45,470.74,1,-1,-1,-1
265,4,1683.0,529.0,79.918,181.35,1,-1,-1,-1
265,5,1829.0,410.0,94.66,214.81,1,-1,-1,-1
266,0,824.0,353.0,207.45,470.74,1,-1,-1,-1
266,1,1532.0,438.0,113.37,257.27,1,-1,-1,-1
266,3,1695.0,542.0,79.918,181.35,1,-1,-1,-1
266,5,1829.0,410.0,94.66,214.81,1,-1,-1,-1
267,0,969.0,318.0,226.74,514.53,1,-1,-1,-1
267,1,824.0,353.0,207.45,470.74,1,-1,-1,-1
267,2,1532.0,438.0,113.37,257.27,1,-1,-1,-1
267,3,1183.0,327.0,175.68,398.65,1,-1,-1,-1
268,0,1532.0,438.0,113.37,257.27,1,-1,-1,-1
268,1,969.0,318.0,226.74,514.53,1,-1,-1,-1
268,3,856.0,353.0,207.45,470.74,1,-1,-1,-1
269,0,1532.0,438.0,113.37,257.27,1,-1,-1,-1
269,2,865.0,354.0,189.32,429.61,1,-1,-1,-1
269,3,1016.0,353.0,207.45,470.74,1,-1,-1,-1
270,0,1532.0,438.0,113.37,257.27,1,-1,-1,-1
270,1,1176.0,322.0,207.45,470.74,1,-1,-1,-1
270,2,1016.0,353.0,207.45,470.74,1,-1,-1,-1
270,3,865.0,354.0,189.32,429.61,1,-1,-1,-1
271,0,1048.0,353.0,207.45,470.74,1,-1,-1,-1
271,2,1532.0,438.0,113.37,257.27,1,-1,-1,-1
272,0,1048.0,353.0,207.45,470.74,1,-1,-1,-1
272,1,1176.0,322.0,207.45,470.74,1,-1,-1,-1
272,2,1549.0,438.0,113.37,257.27,1,-1,-1,-1
272,3,888.0,353.0,207.45,470.74,1,-1,-1,-1
272,4,1720.0,542.0,79.918,181.35,1,-1,-1,-1
272,5,1829.0,410.0,94.66,214.81,1,-1,-1,-1
273,2,1549.0,438.0,113.37,257.27,1,-1,-1,-1
274,0,1080.0,353.0,207.45,470.74,1,-1,-1,-1
274,1,1572.0,505.0,79.918,181.35,1,-1,-1,-1
274,4,1844.0,410.0,94.66,214.81,1,-1,-1,-1
275,2,1215.0,325.0,189.32,429.61,1,-1,-1,-1
275,3,924.0,383.0,189.32,429.61,1,-1,-1,-1
276,0,1080.0,353.0,207.45,470.74,1,-1,-1,-1
276,1,1579.0,488.0,87.838,199.32,1,-1,-1,-1
276,4,1844.0,410.0,94.66,214.81,1,-1,-1,-1
277,0,1112.0,353.0,207.45,470.74,1,-1,-1,-1
277,2,1247.0,335.0,135.42,307.29,1,-1,-1,-1
277,3,920.0,353.0,207.45,470.74,1,-1,-1,-1
278,0,1112.0,353.0,207.45,470.74,1,-1,-1,-1
278,1,1567.0,438.0,113.37,257.27,1,-1,-1,-1
278,3,1259.0,340.0,146.62,332.71,1,-1,-1,-1
279,0,1112.0,353.0,207.45,470.74,1,-1,-1,-1
279,2,1567.0,438.0,113.37,257.27,1,-1,-1,-1
280,0,1144.0,353.0,207.45,470.74,1,-1,-1,-1
280,1,1599.0,524.0,73.864,167.61,1,-1,-1,-1
281,0,1144.0,353.0,207.45,470.74,1,-1,-1,-1
281,1,1208.0,322.0,207.45,470.74,1,-1,-1,-1
281,2,1592.0,501.0,87.838,199.32,1,-1,-1,-1
282,0,1144.0,353.0,207.45,470.74,1,-1,-1,-1
282,1,1208.0,322.0,207.45,470.74,1,-1,-1,-1
283,0,1176.0,353.0,207.45,470.74,1,-1,-1,-1
283,1,1011.0,354.0,189.32,429.61,1,-1,-1,-1
283,2,1112.0,322.0,207.45,470.74,1,-1,-1,-1
284,0,1176.0,353.0,207.45,470.74,1,-1,-1,-1
284,1,1021.0,381.0,175.68,398.65,1,-1,-1,-1
284,2,1240.0,322.0,207.45,470.74,1,-1,-1,-1
284,3,1112.0,322.0,207.45,470.74,1,-1,-1,-1
285,0,1176.0,353.0,207.45,470.74,1,-1,-1,-1
285,1,1021.0,381.0,175.68,398.65,1,-1,-1,-1
285,2,1240.0,322.0,207.45,470.74,1,-1,-1,-1
287,0,1208.0,353.0,207.45,470.74,1,-1,-1,-1
287,1,1040.0,354.0,189.32,429.61,1,-1,-1,-1
287,2,1127.0,354.0,189.32,429.61,1,-1,-1,-1
289,0,1048.0,381.0,175.68,398.65,1,-1,-1,-1
289,1,1208.0,353.0,207.45,470.74,1,-1,-1,-1
290,0,1048.0,381.0,175.68,398.65,1,-1,-1,-1
290,1,1240.0,353.0,207.45,470.74,1,-1,-1,-1
291,0,1048.0,381.0,175.68,398.65,1,-1,-1,-1
291,1,1240.0,353.0,207.45,470.74,1,-1,-1,-1
292,0,1273.0,354.0,189.32,429.61,1,-1,-1,-1
292,1,1048.0,381.0,175.68,398.65,1,-1,-1,-1
292,4,1102.0,354.0,175.68,398.65,1,-1,-1,-1
293,0,1273.0,354.0,189.32,429.61,1,-1,-1,-1
293,1,1075.0,381.0,175.68,398.65,1,-1,-1,-1
293,2,1192.0,363.0,146.62,332.71,1,-1,-1,-1
293,3,1535.0,400.0,123.42,280.06,1,-1,-1,-1
294,0,1272.0,353.0,207.45,470.74,1,-1,-1,-1
294,1,1075.0,381.0,175.68,398.65,1,-1,-1,-1
294,3,1535.0,400.0,123.42,280.06,1,-1,-1,-1
295,0,1302.0,354.0,189.32,429.61,1,-1,-1,-1
295,1,1077.0,396.0,159.84,362.7,1,-1,-1,-1
295,2,1192.0,363.0,146.62,332.71,1,-1,-1,-1
295,3,1643.0,371.0,159.84,362.7,1,-1,-1,-1
296,0,1331.0,354.0,189.32,429.61,1,-1,-1,-1
296,1,1192.0,363.0,146.62,332.71,1,-1,-1,-1
296,2,1075.0,354.0,175.68,398.65,1,-1,-1,-1
296,3,1549.0,420.0,113.37,257.27,1,-1,-1,-1
297,0,1331.0,354.0,189.32,429.61,1,-1,-1,-1
297,1,1102.0,396.0,159.84,362.7,1,-1,-1,-1
297,2,1214.0,363.0,146.62,332.71,1,-1,-1,-1
297,3,1643.0,371.0,159.84,362.7,1,-1,-1,-1
298,0,1331.0,354.0,189.32,429.61,1,-1,-1,-1
298,1,1214.0,363.0,146.62,332.71,1,-1,-1,-1
298,2,1102.0,396.0,159.84,362.7,1,-1,-1,-1
299,0,1331.0,354.0,189.32,429.61,1,-1,-1,-1
299,1,1214.0,363.0,146.62,332.71,1,-1,-1,-1
299,2,1102.0,371.0,159.84,362.7,1,-1,-1,-1
299,3,1695.0,542.0,79.918,181.35,1,-1,-1,-1
300,0,1331.0,354.0,189.32,429.61,1,-1,-1,-1
300,1,1214.0,363.0,146.62,332.71,1,-1,-1,-1
300,2,1708.0,542.0,79.918,181.35,1,-1,-1,-1
301,0,1331.0,354.0,189.32,429.61,1,-1,-1,-1
301,2,1708.0,542.0,79.918,181.35,1,-1,-1,-1
301,3,1210.0,354.0,175.68,398.65,1,-1,-1,-1
301,4,1554.0,400.0,123.42,280.06,1,-1,-1,-1
302,0,1360.0,354.0,189.32,429.61,1,-1,-1,-1
302,1,1708.0,542.0,79.918,181.35,1,-1,-1,-1
302,2,1126.0,396.0,159.84,362.7,1,-1,-1,-1
302,5,1638.0,569.0,52.0,118.0,1,-1,-1,-1
303,0,1360.0,354.0,189.32,429.61,1,-1,-1,-1
303,2,1126.0,396.0,159.84,362.7,1,-1,-1,-1
303,3,1237.0,363.0,146.62,332.71,1,-1,-1,-1
304,0,1126.0,396.0,159.84,362.7,1,-1,-1,-1
304,1,1360.0,354.0,189.32,429.61,1,-1,-1,-1
304,2,1237.0,363.0,146.62,332.71,1,-1,-1,-1
305,0,1126.0,396.0,159.84,362.7,1,-1,-1,-1
305,1,1372.0,354.0,175.68,398.65,1,-1,-1,-1
305,2,1237.0,363.0,146.62,332.71,1,-1,-1,-1
305,3,1573.0,400.0,123.42,280.06,1,-1,-1,-1
306,0,1126.0,396.0,159.84,362.7,1,-1,-1,-1
306,1,1389.0,354.0,189.32,429.61,1,-1,-1,-1
306,2,1259.0,363.0,146.62,332.71,1,-1,-1,-1
306,3,1708.0,542.0,79.918,181.35,1,-1,-1,-1
307,0,1389.0,354.0,189.32,429.61,1,-1,-1,-1
307,1,1259.0,363.0,146.62,332.71,1,-1,-1,-1
307,2,1151.0,396.0,159.84,362.7,1,-1,-1,-1
307,3,1708.0,542.0,79.918,181.35,1,-1,-1,-1
307,4,1573.0,400.0,123.42,280.06,1,-1,-1,-1
308,0,1151.0,396.0,159.84,362.7,1,-1,-1,-1
308,1,1389.0,354.0,189.32,429.61,1,-1,-1,-1
308,2,1259.0,363.0,146.62,332.71,1,-1,-1,-1
308,3,1708.0,542.0,79.918,181.35,1,-1,-1,-1
309,0,1151.0,396.0,159.84,362.7,1,-1,-1,-1
309,1,1389.0,354.0,189.32,429.61,1,-1,-1,-1
309,2,1708.0,542.0,79.918,181.35,1,-1,-1,-1
309,3,1259.0,363.0,146.62,332.71,1,-1,-1,-1
310,0,1151.0,396.0,159.84,362.7,1,-1,-1,-1
310,1,1389.0,354.0,189.32,429.61,1,-1,-1,-1
310,2,1708.0,542.0,79.918,181.35,1,-1,-1,-1
310,3,1282.0,363.0,146.62,332.71,1,-1,-1,-1
311,0,1175.0,396.0,159.84,362.7,1,-1,-1,-1
311,1,1389.0,354.0,189.32,429.61,1,-1,-1,-1
311,2,1282.0,363.0,146.62,332.71,1,-1,-1,-1
311,3,1708.0,542.0,79.918,181.35,1,-1,-1,-1
312,0,1175.0,396.0,159.84,362.7,1,-1,-1,-1
312,2,1282.0,363.0,146.62,332.71,1,-1,-1,-1
312,3,1708.0,542.0,79.918,181.35,1,-1,-1,-1
313,0,1169.0,385.0,146.62,332.71,1,-1,-1,-1
313,1,1422.0,396.0,159.84,362.7,1,-1,-1,-1
313,2,1708.0,542.0,79.918,181.35,1,-1,-1,-1
313,3,1282.0,363.0,146.62,332.71,1,-1,-1,-1
314,0,1192.0,385.0,146.62,332.71,1,-1,-1,-1
314,2,1422.0,396.0,159.84,362.7,1,-1,-1,-1
314,3,1282.0,363.0,146.62,332.71,1,-1,-1,-1
315,0,1192.0,385.0,146.62,332.71,1,-1,-1,-1
315,1,1418.0,354.0,189.32,429.61,1,-1,-1,-1
315,2,1282.0,363.0,146.62,332.71,1,-1,-1,-1
315,3,1708.0,542.0,79.918,181.35,1,-1,-1,-1
316,0,1427.0,381.0,175.68,398.65,1,-1,-1,-1
316,1,1192.0,385.0,146.62,332.71,1,-1,-1,-1
316,2,1708.0,542.0,79.918,181.35,1,-1,-1,-1
316,3,1282.0,363.0,146.62,332.71,1,-1,-1,-1
317,0,1192.0,385.0,146.62,332.71,1,-1,-1,-1
317,1,1427.0,354.0,175.68,398.65,1,-1,-1,-1
317,2,1708.0,542.0,79.918,181.35,1,-1,-1,-1
318,0,1192.0,385.0,146.62,332.71,1,-1,-1,-1
318,1,1427.0,381.0,175.68,398.65,1,-1,-1,-1
318,2,1708.0,542.0,79.918,181.35,1,-1,-1,-1
319,0,1192.0,385.0,146.62,332.71,1,-1,-1,-1
319,1,1446.0,396.0,159.84,362.7,1,-1,-1,-1
319,2,1249.0,371.0,159.84,362.7,1,-1,-1,-1
320,0,1192.0,385.0,146.62,332.71,1,-1,-1,-1
320,1,1427.0,354.0,175.68,398.65,1,-1,-1,-1
321,0,1214.0,385.0,146.62,332.71,1,-1,-1,-1
321,1,1446.0,396.0,159.84,362.7,1,-1,-1,-1
321,2,1169.0,408.0,146.62,332.71,1,-1,-1,-1
322,0,1214.0,385.0,146.62,332.71,1,-1,-1,-1
322,1,1446.0,396.0,159.84,362.7,1,-1,-1,-1
323,0,1214.0,385.0,146.62,332.71,1,-1,-1,-1
323,1,1446.0,396.0,159.84,362.7,1,-1,-1,-1
323,2,1259.0,408.0,146.62,332.71,1,-1,-1,-1
323,4,1169.0,408.0,146.62,332.71,1,-1,-1,-1
324,0,1427.0,354.0,175.68,398.65,1,-1,-1,-1
324,1,1225.0,371.0,159.84,362.7,1,-1,-1,-1
324,3,1584.0,438.0,113.37,257.27,1,-1,-1,-1
324,4,1643.0,385.0,146.62,332.71,1,-1,-1,-1
325,0,1427.0,354.0,175.68,398.65,1,-1,-1,-1
325,1,1214.0,385.0,146.62,332.71,1,-1,-1,-1
325,2,1274.0,371.0,159.84,362.7,1,-1,-1,-1
325,3,1584.0,438.0,113.37,257.27,1,-1,-1,-1
325,4,1146.0,385.0,146.62,332.71,1,-1,-1,-1
326,0,1427.0,354.0,175.68,398.65,1,-1,-1,-1
326,4,1671.0,542.0,79.918,181.35,1,-1,-1,-1
327,0,1427.0,354.0,175.68,398.65,1,-1,-1,-1
327,1,1237.0,385.0,146.62,332.71,1,-1,-1,-1
327,2,1643.0,385.0,146.62,332.71,1,-1,-1,-1
327,3,1146.0,385.0,146.62,332.71,1,-1,-1,-1
328,0,1446.0,371.0,159.84,362.7,1,-1,-1,-1
329,0,1446.0,371.0,159.84,362.7,1,-1,-1,-1
329,1,1237.0,385.0,146.62,332.71,1,-1,-1,-1
329,2,1643.0,385.0,146.62,332.71,1,-1,-1,-1
330,0,1446.0,371.0,159.84,362.7,1,-1,-1,-1
330,1,1237.0,385.0,146.62,332.71,1,-1,-1,-1
330,3,1592.0,419.0,123.42,280.06,1,-1,-1,-1
330,5,1282.0,408.0,146.62,332.71,1,-1,-1,-1
331,1,1249.0,371.0,159.84,362.7,1,-1,-1,-1
331,2,1592.0,419.0,123.42,280.06,1,-1,-1,-1
331,4,1643.0,385.0,146.62,332.71,1,-1,-1,-1
332,0,1463.0,408.0,146.62,332.71,1,-1,-1,-1
332,1,1249.0,371.0,159.84,362.7,1,-1,-1,-1
332,2,1592.0,419.0,123.42,280.06,1,-1,-1,-1
332,3,1644.0,418.0,135.42,307.29,1,-1,-1,-1
332,4,1143.0,397.0,135.42,307.29,1,-1,-1,-1
332,5,1758.0,521.0,52.0,118.0,1,-1,-1,-1
333,1,1249.0,371.0,159.84,362.7,1,-1,-1,-1
333,2,1592.0,419.0,123.42,280.06,1,-1,-1,-1
333,3,1644.0,418.0,135.42,307.29,1,-1,-1,-1
333,4,1146.0,385.0,146.62,332.71,1,-1,-1,-1
334,0,1249.0,371.0,159.84,362.7,1,-1,-1,-1
334,1,1463.0,408.0,146.62,332.71,1,-1,-1,-1
334,2,1630.0,438.0,123.42,280.06,1,-1,-1,-1
334,4,1143.0,397.0,135.42,307.29,1,-1,-1,-1
334,5,1417.0,385.0,146.62,332.71,1,-1,-1,-1
335,0,1282.0,408.0,146.62,332.71,1,-1,-1,-1
335,1,1463.0,408.0,146.62,332.71,1,-1,-1,-1
335,2,1581.0,397.0,135.42,307.29,1,-1,-1,-1
335,3,1623.0,418.0,135.42,307.29,1,-1,-1,-1
335,4,1237.0,385.0,146.62,332.71,1,-1,-1,-1
335,6,1327.0,385.0,146.62,332.71,1,-1,-1,-1
335,7,1417.0,385.0,146.62,332.71,1,-1,-1,-1
336,0,1282.0,408.0,146.62,332.71,1,-1,-1,-1
336,1,1463.0,408.0,146.62,332.71,1,-1,-1,-1
336,2,1611.0,419.0,123.42,280.06,1,-1,-1,-1
336,4,1146.0,385.0,146.62,332.71,1,-1,-1,-1
336,5,1649.0,438.0,123.42,280.06,1,-1,-1,-1
336,6,1327.0,385.0,146.62,332.71,1,-1,-1,-1
336,7,1417.0,385.0,146.62,332.71,1,-1,-1,-1
337,0,1282.0,385.0,146.62,332.71,1,-1,-1,-1
337,1,1440.0,385.0,146.62,332.71,1,-1,-1,-1
337,3,1581.0,397.0,135.42,307.29,1,-1,-1,-1
337,4,1143.0,397.0,135.42,307.29,1,-1,-1,-1
337,6,1726.0,415.0,103.17,234.13,1,-1,-1,-1
337,7,1327.0,408.0,146.62,332.71,1,-1,-1,-1
338,1,1440.0,385.0,146.62,332.71,1,-1,-1,-1
338,2,1623.0,418.0,135.42,307.29,1,-1,-1,-1
338,4,1143.0,397.0,135.42,307.29,1,-1,-1,-1
338,5,1259.0,408.0,146.62,332.71,1,-1,-1,-1
338,6,1485.0,408.0,146.62,332.71,1,-1,-1,-1
339,0,1305.0,385.0,146.62,332.71,1,-1,-1,-1
339,1,1440.0,385.0,146.62,332.71,1,-1,-1,-1
339,3,1581.0,397.0,135.42,307.29,1,-1,-1,-1
339,4,1143.0,397.0,135.42,307.29,1,-1,-1,-1
340,1,1440.0,385.0,146.62,332.71,1,-1,-1,-1
340,4,1643.0,408.0,146.62,332.71,1,-1,-1,-1
340,5,1724.0,403.0,113.37,257.27,1,-1,-1,-1
341,0,1305.0,385.0,146.62,332.71,1,-1,-1,-1
341,1,1446.0,371.0,159.84,362.7,1,-1,-1,-1
341,3,1143.0,397.0,135.42,307.29,1,-1,-1,-1
342,0,1327.0,385.0,146.62,332.71,1,-1,-1,-1
342,1,1440.0,385.0,146.62,332.71,1,-1,-1,-1
342,4,1602.0,420.0,113.37,257.27,1,-1,-1,-1
342,5,1282.0,408.0,146.62,332.71,1,-1,-1,-1
343,0,1327.0,385.0,146.62,332.71,1,-1,-1,-1
343,1,1440.0,385.0,146.62,332.71,1,-1,-1,-1
343,3,1146.0,385.0,146.62,332.71,1,-1,-1,-1
343,5,1726.0,399.0,103.17,234.13,1,-1,-1,-1
344,0,1330.0,397.0,135.42,307.29,1,-1,-1,-1
344,1,1644.0,418.0,135.42,307.29,1,-1,-1,-1
344,3,1146.0,385.0,146.62,332.71,1,-1,-1,-1
344,4,1602.0,420.0,113.37,257.27,1,-1,-1,-1
345,0,1330.0,397.0,135.42,307.29,1,-1,-1,-1
345,1,1456.0,418.0,135.42,307.29,1,-1,-1,-1
345,2,1644.0,418.0,135.42,307.29,1,-1,-1,-1
345,3,1146.0,385.0,146.62,332.71,1,-1,-1,-1
345,5,1724.0,403.0,113.37,257.27,1,-1,-1,-1
346,0,1330.0,397.0,135.42,307.29,1,-1,-1,-1
346,1,1463.0,385.0,146.62,332.71,1,-1,-1,-1
346,2,1664.0,418.0,135.42,307.29,1,-1,-1,-1
346,3,1146.0,385.0,146.62,332.71,1,-1,-1,-1
346,4,1599.0,431.0,103.17,234.13,1,-1,-1,-1
347,0,1345.0,419.0,123.42,280.06,1,-1,-1,-1
347,1,1463.0,385.0,146.62,332.71,1,-1,-1,-1
347,2,1664.0,418.0,135.42,307.29,1,-1,-1,-1
347,3,1599.0,431.0,103.17,234.13,1,-1,-1,-1
348,0,1330.0,397.0,135.42,307.29,1,-1,-1,-1
348,1,1456.0,418.0,135.42,307.29,1,-1,-1,-1
348,2,1643.0,385.0,146.62,332.71,1,-1,-1,-1
348,3,1124.0,385.0,146.62,332.71,1,-1,-1,-1
348,4,1372.0,418.0,135.42,307.29,1,-1,-1,-1
349,1,1463.0,385.0,146.62,332.71,1,-1,-1,-1
349,2,1664.0,418.0,135.42,307.29,1,-1,-1,-1
349,3,1599.0,431.0,103.17,234.13,1,-1,-1,-1
349,4,1124.0,385.0,146.62,332.71,1,-1,-1,-1
350,0,1351.0,397.0,135.42,307.29,1,-1,-1,-1
350,1,1463.0,385.0,146.62,332.71,1,-1,-1,-1
350,2,1664.0,397.0,135.42,307.29,1,-1,-1,-1
350,3,1124.0,385.0,146.62,332.71,1,-1,-1,-1
350,4,1606.0,434.0,87.838,199.32,1,-1,-1,-1
351,1,1463.0,385.0,146.62,332.71,1,-1,-1,-1
351,2,1664.0,397.0,135.42,307.29,1,-1,-1,-1
351,3,1124.0,385.0,146.62,332.71,1,-1,-1,-1
351,5,1602.0,420.0,113.37,257.27,1,-1,-1,-1
352,0,1666.0,385.0,146.62,332.71,1,-1,-1,-1
352,1,1463.0,385.0,146.62,332.71,1,-1,-1,-1
352,2,1351.0,397.0,135.42,307.29,1,-1,-1,-1
352,3,1124.0,385.0,146.62,332.71,1,-1,-1,-1
352,4,1626.0,425.0,94.66,214.81,1,-1,-1,-1
353,0,1477.0,397.0,135.42,307.29,1,-1,-1,-1
353,1,1666.0,385.0,146.62,332.71,1,-1,-1,-1
353,2,1351.0,397.0,135.42,307.29,1,-1,-1,-1
353,3,1124.0,385.0,146.62,332.71,1,-1,-1,-1
354,0,1666.0,385.0,146.62,332.71,1,-1,-1,-1
354,1,1477.0,397.0,135.42,307.29,1,-1,-1,-1
354,2,1351.0,397.0,135.42,307.29,1,-1,-1,-1
354,3,1101.0,385.0,146.62,332.71,1,-1,-1,-1
354,4,1615.0,431.0,103.17,234.13,1,-1,-1,-1
355,0,1477.0,397.0,135.42,307.29,1,-1,-1,-1
355,1,1372.0,397.0,135.42,307.29,1,-1,-1,-1
355,2,1666.0,385.0,146.62,332.71,1,-1,-1,-1
355,3,1124.0,385.0,146.62,332.71,1,-1,-1,-1
355,4,1727.0,397.0,135.42,307.29,1,-1,-1,-1
356,0,1372.0,397.0,135.42,307.29,1,-1,-1,-1
356,1,1477.0,397.0,135.42,307.29,1,-1,-1,-1
356,3,1101.0,385.0,146.62,332.71,1,-1,-1,-1
356,5,1773.0,399.0,103.17,234.13,1,-1,-1,-1
357,0,1372.0,397.0,135.42,307.29,1,-1,-1,-1
357,1,1485.0,385.0,146.62,332.71,1,-1,-1,-1
357,2,1689.0,385.0,146.62,332.71,1,-1,-1,-1
357,3,1101.0,385.0,146.62,332.71,1,-1,-1,-1
357,4,1643.0,408.0,146.62,332.71,1,-1,-1,-1
358,0,1372.0,397.0,135.42,307.29,1,-1,-1,-1
358,1,1485.0,385.0,146.62,332.71,1,-1,-1,-1
358,3,1102.0,371.0,159.84,362.7,1,-1,-1,-1
358,5,1643.0,408.0,146.62,332.71,1,-1,-1,-1
359,0,1485.0,385.0,146.62,332.71,1,-1,-1,-1
359,1,1372.0,397.0,135.42,307.29,1,-1,-1,-1
359,2,1689.0,385.0,146.62,332.71,1,-1,-1,-1
359,3,1102.0,371.0,159.84,362.7,1,-1,-1,-1
360,0,1393.0,397.0,135.42,307.29,1,-1,-1,-1
360,1,1485.0,385.0,146.62,332.71,1,-1,-1,-1
360,2,1706.0,397.0,135.42,307.29,1,-1,-1,-1
360,3,1102.0,371.0,159.84,362.7,1,-1,-1,-1
360,4,1664.0,418.0,135.42,307.29,1,-1,-1,-1
361,0,1393.0,397.0,135.42,307.29,1,-1,-1,-1
361,1,1706.0,397.0,135.42,307.29,1,-1,-1,-1
361,2,1497.0,397.0,135.42,307.29,1,-1,-1,-1
361,3,1101.0,385.0,146.62,332.71,1,-1,-1,-1
362,0,1393.0,397.0,135.42,307.29,1,-1,-1,-1
362,1,1706.0,397.0,135.42,307.29,1,-1,-1,-1
362,2,1497.0,397.0,135.42,307.29,1,-1,-1,-1
362,3,1748.0,418.0,135.42,307.29,1,-1,-1,-1
362,4,1101.0,385.0,146.62,332.71,1,-1,-1,-1
363,0,1711.0,385.0,146.62,332.71,1,-1,-1,-1
363,1,1497.0,397.0,135.42,307.29,1,-1,-1,-1
363,2,1393.0,397.0,135.42,307.29,1,-1,-1,-1
363,4,1646.0,431.0,103.17,234.13,1,-1,-1,-1
363,5,1823.0,503.0,61.514,139.59,1,-1,-1,-1
363,6,1539.0,376.0,135.42,307.29,1,-1,-1,-1
364,0,1508.0,385.0,146.62,332.71,1,-1,-1,-1
364,1,1711.0,385.0,146.62,332.71,1,-1,-1,-1
364,3,1102.0,371.0,159.84,362.7,1,-1,-1,-1
364,4,1646.0,431.0,103.17,234.13,1,-1,-1,-1
364,5,1824.0,489.0,67.474,153.11,1,-1,-1,-1
365,0,1414.0,397.0,135.42,307.29,1,-1,-1,-1
365,1,1734.0,385.0,146.62,332.71,1,-1,-1,-1
365,2,1518.0,397.0,135.42,307.29,1,-1,-1,-1
366,0,1414.0,397.0,135.42,307.29,1,-1,-1,-1
366,1,1518.0,397.0,135.42,307.29,1,-1,-1,-1
366,3,1102.0,371.0,159.84,362.7,1,-1,-1,-1
366,5,70.0,552.0,67.474,153.11,1,-1,-1,-1
367,0,1734.0,385.0,146.62,332.71,1,-1,-1,-1
367,1,1518.0,397.0,135.42,307.29,1,-1,-1,-1
367,2,1435.0,397.0,135.42,307.29,1,-1,-1,-1
367,3,1102.0,371.0,159.84,362.7,1,-1,-1,-1
368,0,1435.0,397.0,135.42,307.29,1,-1,-1,-1
368,1,1539.0,397.0,135.42,307.29,1,-1,-1,-1
368,2,1734.0,385.0,146.62,332.71,1,-1,-1,-1
368,3,1497.0,418.0,135.42,307.29,1,-1,-1,-1
369,0,1435.0,397.0,135.42,307.29,1,-1,-1,-1
369,1,1539.0,397.0,135.42,307.29,1,-1,-1,-1
369,2,1756.0,385.0,146.62,332.71,1,-1,-1,-1
369,3,1075.0,354.0,175.68,398.65,1,-1,-1,-1
370,0,1435.0,397.0,135.42,307.29,1,-1,-1,-1
370,1,1539.0,397.0,135.42,307.29,1,-1,-1,-1
370,2,1756.0,385.0,146.62,332.71,1,-1,-1,-1
370,3,1075.0,354.0,175.68,398.65,1,-1,-1,-1
370,6,132.0,666.0,67.474,153.11,1,-1,-1,-1
371,0,1435.0,397.0,135.42,307.29,1,-1,-1,-1
371,1,1539.0,397.0,135.42,307.29,1,-1,-1,-1
371,2,1756.0,385.0,146.62,332.71,1,-1,-1,-1
371,3,1075.0,354.0,175.68,398.65,1,-1,-1,-1
371,4,1581.0,376.0,135.42,307.29,1,-1,-1,-1
372,0,1440.0,419.0,123.42,280.06,1,-1,-1,-1
372,1,1560.0,397.0,135.42,307.29,1,-1,-1,-1
372,2,1756.0,385.0,146.62,332.71,1,-1,-1,-1
372,3,1069.0,354.0,189.32,429.61,1,-1,-1,-1
373,0,1560.0,397.0,135.42,307.29,1,-1,-1,-1
373,1,1459.0,419.0,123.42,280.06,1,-1,-1,-1
373,2,1779.0,385.0,146.62,332.71,1,-1,-1,-1
373,3,1069.0,354.0,189.32,429.61,1,-1,-1,-1
374,0,1560.0,397.0,135.42,307.29,1,-1,-1,-1
374,1,1459.0,419.0,123.42,280.06,1,-1,-1,-1
374,2,1069.0,354.0,189.32,429.61,1,-1,-1,-1
374,3,1779.0,385.0,146.62,332.71,1,-1,-1,-1
375,0,1459.0,419.0,123.42,280.06,1,-1,-1,-1
375,1,1581.0,397.0,135.42,307.29,1,-1,-1,-1
375,3,1779.0,385.0,146.62,332.71,1,-1,-1,-1
376,0,1459.0,419.0,123.42,280.06,1,-1,-1,-1
376,1,1581.0,397.0,135.42,307.29,1,-1,-1,-1
376,2,1048.0,381.0,175.68,398.65,1,-1,-1,-1
376,3,1779.0,385.0,146.62,332.71,1,-1,-1,-1
377,0,1581.0,397.0,135.42,307.29,1,-1,-1,-1
377,1,1459.0,419.0,123.42,280.06,1,-1,-1,-1
377,3,1801.0,385.0,146.62,332.71,1,-1,-1,-1
378,0,1581.0,397.0,135.42,307.29,1,-1,-1,-1
378,1,1459.0,419.0,123.42,280.06,1,-1,-1,-1
378,2,1040.0,354.0,189.32,429.61,1,-1,-1,-1
378,3,1671.0,403.0,113.37,257.27,1,-1,-1,-1
379,0,1462.0,420.0,113.37,257.27,1,-1,-1,-1
379,1,1592.0,400.0,123.42,280.06,1,-1,-1,-1
379,2,1040.0,354.0,189.32,429.61,1,-1,-1,-1
380,0,1479.0,420.0,113.37,257.27,1,-1,-1,-1
380,1,1592.0,400.0,123.42,280.06,1,-1,-1,-1
380,2,1040.0,354.0,189.32,429.61,1,-1,-1,-1
380,3,1710.0,415.0,103.17,234.13,1,-1,-1,-1
381,0,1479.0,420.0,113.37,257.27,1,-1,-1,-1
381,1,1592.0,419.0,123.42,280.06,1,-1,-1,-1
381,2,1016.0,322.0,207.45,470.74,1,-1,-1,-1
382,0,1479.0,420.0,113.37,257.27,1,-1,-1,-1
382,1,1611.0,400.0,123.42,280.06,1,-1,-1,-1
382,2,1016.0,322.0,207.45,470.74,1,-1,-1,-1
382,3,1769.0,456.0,79.918,181.35,1,-1,-1,-1
383,0,1479.0,420.0,113.37,257.27,1,-1,-1,-1
383,1,1611.0,400.0,123.42,280.06,1,-1,-1,-1
383,2,1016.0,322.0,207.45,470.74,1,-1,-1,-1
383,3,1768.0,447.0,87.838,199.32,1,-1,-1,-1
384,0,1479.0,420.0,113.37,257.27,1,-1,-1,-1
384,1,1611.0,400.0,123.42,280.06,1,-1,-1,-1
384,2,1016.0,322.0,207.45,470.74,1,-1,-1,-1
384,3,1768.0,447.0,87.838,199.32,1,-1,-1,-1
385,0,1478.0,400.0,123.42,280.06,1,-1,-1,-1
385,1,1619.0,420.0,113.37,257.27,1,-1,-1,-1
385,2,1768.0,447.0,87.838,199.32,1,-1,-1,-1
385,3,1011.0,354.0,189.32,429.61,1,-1,-1,-1
385,4,1668.0,400.0,123.42,280.06,1,-1,-1,-1
386,0,1478.0,400.0,123.42,280.06,1,-1,-1,-1
386,1,1619.0,420.0,113.37,257.27,1,-1,-1,-1
386,2,1021.0,354.0,175.68,398.65,1,-1,-1,-1
386,3,1668.0,400.0,123.42,280.06,1,-1,-1,-1
386,4,1769.0,456.0,79.918,181.35,1,-1,-1,-1
387,0,1478.0,400.0,123.42,280.06,1,-1,-1,-1
388,0,1497.0,420.0,113.37,257.27,1,-1,-1,-1
388,1,1630.0,400.0,123.42,280.06,1,-1,-1,-1
388,2,984.0,322.0,207.45,470.74,1,-1,-1,-1
388,3,1592.0,419.0,123.42,280.06,1,-1,-1,-1
389,0,1497.0,420.0,113.37,257.27,1,-1,-1,-1
390,0,1497.0,420.0,113.37,257.27,1,-1,-1,-1
390,1,1636.0,420.0,113.37,257.27,1,-1,-1,-1
390,2,984.0,322.0,207.45,470.74,1,-1,-1,-1
390,3,1687.0,400.0,123.42,280.06,1,-1,-1,-1
391,0,1497.0,400.0,123.42,280.06,1,-1,-1,-1
391,1,1630.0,419.0,123.42,280.06,1,-1,-1,-1
391,2,1668.0,400.0,123.42,280.06,1,-1,-1,-1
391,4,1757.0,415.0,103.17,234.13,1,-1,-1,-1
392,0,1514.0,420.0,113.37,257.27,1,-1,-1,-1
392,1,1649.0,400.0,123.42,280.06,1,-1,-1,-1
392,2,984.0,322.0,207.45,470.74,1,-1,-1,-1
392,3,1611.0,419.0,123.42,280.06,1,-1,-1,-1
393,0,1514.0,420.0,113.37,257.27,1,-1,-1,-1
393,1,1649.0,400.0,123.42,280.06,1,-1,-1,-1
393,2,1611.0,419.0,123.42,280.06,1,-1,-1,-1
393,3,984.0,322.0,207.45,470.74,1,-1,-1,-1
393,4,1706.0,400.0,123.42,280.06,1,-1,-1,-1
394,0,1514.0,420.0,113.37,257.27,1,-1,-1,-1
394,1,1649.0,400.0,123.42,280.06,1,-1,-1,-1
394,3,1687.0,381.0,123.42,280.06,1,-1,-1,-1
395,2,952.0,322.0,207.45,470.74,1,-1,-1,-1
396,0,1532.0,420.0,113.37,257.27,1,-1,-1,-1
396,1,1668.0,400.0,123.42,280.06,1,-1,-1,-1
397,2,934.0,318.0,226.74,514.53,1,-1,-1,-1
398,0,1535.0,431.0,103.17,234.13,1,-1,-1,-1
398,1,1668.0,400.0,123.42,280.06,1,-1,-1,-1
398,2,899.0,318.0,226.74,514.53,1,-1,-1,-1
399,0,1551.0,431.0,103.17,234.13,1,-1,-1,-1
399,1,1668.0,400.0,123.42,280.06,1,-1,-1,-1
399,2,899.0,318.0,226.74,514.53,1,-1,-1,-1
399,4,1795.0,447.0,87.838,199.32,1,-1,-1,-1
400,0,1551.0,431.0,103.17,234.13,1,-1,-1,-1
400,1,1687.0,400.0,123.42,280.06,1,-1,-1,-1
400,2,899.0,318.0,226.74,514.53,1,-1,-1,-1
400,3,600.0,322.0,207.45,470.74,1,-1,-1,-1
401,0,1551.0,431.0,103.17,234.13,1,-1,-1,-1
401,1,1687.0,400.0,123.42,280.06,1,-1,-1,-1
401,2,899.0,318.0,226.74,514.53,1,-1,-1,-1
402,0,1551.0,431.0,103.17,234.13,1,-1,-1,-1
402,1,1687.0,400.0,123.42,280.06,1,-1,-1,-1
402,2,864.0,318.0,226.74,514.53,1,-1,-1,-1
403,0,1567.0,431.0,103.17,234.13,1,-1,-1,-1
403,1,1687.0,400.0,123.42,280.06,1,-1,-1,-1
403,2,864.0,318.0,226.74,514.53,1,-1,-1,-1
404,0,1567.0,431.0,103.17,234.13,1,-1,-1,-1
404,1,1687.0,400.0,123.42,280.06,1,-1,-1,-1
404,2,864.0,318.0,226.74,514.53,1,-1,-1,-1
405,0,1567.0,431.0,103.17,234.13,1,-1,-1,-1
405,1,1706.0,400.0,123.42,280.06,1,-1,-1,-1
405,2,864.0,318.0,226.74,514.53,1,-1,-1,-1
406,0,1567.0,431.0,103.17,234.13,1,-1,-1,-1
406,1,1706.0,400.0,123.42,280.06,1,-1,-1,-1
406,2,864.0,318.0,226.74,514.53,1,-1,-1,-1
406,3,696.0,327.0,175.68,398.65,1,-1,-1,-1
407,0,1583.0,431.0,103.17,234.13,1,-1,-1,-1
407,1,1706.0,400.0,123.42,280.06,1,-1,-1,-1
407,2,829.0,318.0,226.74,514.53,1,-1,-1,-1
408,0,1583.0,431.0,103.17,234.13,1,-1,-1,-1
408,1,1706.0,420.0,113.37,257.27,1,-1,-1,-1
408,2,1741.0,403.0,113.37,257.27,1,-1,-1,-1
408,3,835.0,275.0,250.0,567.31,1,-1,-1,-1
409,0,1583.0,431.0,103.17,234.13,1,-1,-1,-1
409,1,1706.0,420.0,113.37,257.27,1,-1,-1,-1
409,2,1741.0,403.0,113.37,257.27,1,-1,-1,-1
409,5,835.0,275.0,250.0,567.31,1,-1,-1,-1
410,0,1599.0,431.0,103.17,234.13,1,-1,-1,-1
410,1,1706.0,420.0,113.37,257.27,1,-1,-1,-1
410,2,1759.0,403.0,113.37,257.27,1,-1,-1,-1
411,0,1599.0,431.0,103.17,234.13,1,-1,-1,-1
411,1,1706.0,420.0,113.37,257.27,1,-1,-1,-1
411,2,1759.0,403.0,113.37,257.27,1,-1,-1,-1
411,3,794.0,318.0,226.74,514.53,1,-1,-1,-1
412,0,1599.0,431.0,103.17,234.13,1,-1,-1,-1
412,1,1706.0,420.0,113.37,257.27,1,-1,-1,-1
412,2,794.0,318.0,226.74,514.53,1,-1,-1,-1
413,0,1615.0,431.0,103.17,234.13,1,-1,-1,-1
413,2,794.0,318.0,226.74,514.53,1,-1,-1,-1
413,3,1763.0,381.0,123.42,280.06,1,-1,-1,-1
414,0,1615.0,431.0,103.17,234.13,1,-1,-1,-1
414,1,1724.0,420.0,113.37,257.27,1,-1,-1,-1
414,2,794.0,318.0,226.74,514.53,1,-1,-1,-1
414,3,1759.0,403.0,113.37,257.27,1,-1,-1,-1
415,0,1615.0,431.0,103.17,234.13,1,-1,-1,-1
415,2,794.0,318.0,226.74,514.53,1,-1,-1,-1
415,3,1776.0,403.0,113.37,257.27,1,-1,-1,-1
416,0,1724.0,420.0,113.37,257.27,1,-1,-1,-1
416,1,1615.0,431.0,103.17,234.13,1,-1,-1,-1
416,2,1776.0,403.0,113.37,257.27,1,-1,-1,-1
416,3,758.0,275.0,250.0,567.31,1,-1,-1,-1
417,0,1630.0,431.0,103.17,234.13,1,-1,-1,-1
417,2,1776.0,403.0,113.37,257.27,1,-1,-1,-1
417,3,758.0,275.0,250.0,567.31,1,-1,-1,-1
418,0,1741.0,420.0,113.37,257.27,1,-1,-1,-1
418,1,1630.0,415.0,103.17,234.13,1,-1,-1,-1
418,2,758.0,275.0,250.0,567.31,1,-1,-1,-1
418,3,1776.0,403.0,113.37,257.27,1,-1,-1,-1
419,0,1741.0,420.0,113.37,257.27,1,-1,-1,-1
419,2,1776.0,403.0,113.37,257.27,1,-1,-1,-1
419,3,758.0,275.0,250.0,567.31,1,-1,-1,-1
420,0,1630.0,415.0,103.17,234.13,1,-1,-1,-1
420,1,1741.0,420.0,113.37,257.27,1,-1,-1,-1
420,2,1776.0,403.0,113.37,257.27,1,-1,-1,-1
420,3,741.0,254.0,270.83,614.58,1,-1,-1,-1
421,0,1646.0,415.0,103.17,234.13,1,-1,-1,-1
421,1,1757.0,431.0,103.17,234.13,1,-1,-1,-1
421,2,741.0,254.0,270.83,614.58,1,-1,-1,-1
421,3,1789.0,415.0,103.17,234.13,1,-1,-1,-1
422,0,1646.0,415.0,103.17,234.13,1,-1,-1,-1
422,1,1759.0,420.0,113.37,257.27,1,-1,-1,-1
422,3,1794.0,403.0,113.37,257.27,1,-1,-1,-1
423,0,1646.0,415.0,103.17,234.13,1,-1,-1,-1
423,1,1759.0,420.0,113.37,257.27,1,-1,-1,-1
423,2,682.0,313.0,250.0,567.31,1,-1,-1,-1
423,3,1794.0,403.0,113.37,257.27,1,-1,-1,-1
424,0,1662.0,431.0,103.17,234.13,1,-1,-1,-1
424,1,1759.0,420.0,113.37,257.27,1,-1,-1,-1
424,3,1794.0,403.0,113.37,257.27,1,-1,-1,-1
425,0,1662.0,431.0,103.17,234.13,1,-1,-1,-1
425,1,1759.0,420.0,113.37,257.27,1,-1,-1,-1
425,2,657.0,296.0,270.83,614.58,1,-1,-1,-1
425,3,1794.0,403.0,113.37,257.27,1,-1,-1,-1
426,0,1662.0,431.0,103.17,234.13,1,-1,-1,-1
426,1,1776.0,403.0,113.37,257.27,1,-1,-1,-1
426,2,920.0,363.0,146.62,332.71,1,-1,-1,-1
426,3,616.0,296.0,270.83,614.58,1,-1,-1,-1
427,0,1662.0,415.0,103.17,234.13,1,-1,-1,-1
427,1,1776.0,403.0,113.37,257.27,1,-1,-1,-1
427,2,920.0,363.0,146.62,332.71,1,-1,-1,-1
427,3,616.0,296.0,270.83,614.58,1,-1,-1,-1
428,0,1662.0,415.0,103.17,234.13,1,-1,-1,-1
428,1,1773.0,431.0,103.17,234.13,1,-1,-1,-1
428,2,616.0,296.0,270.83,614.58,1,-1,-1,-1
428,3,943.0,363.0,146.62,332.71,1,-1,-1,-1
429,0,1773.0,431.0,103.17,234.13,1,-1,-1,-1
429,1,1678.0,415.0,103.17,234.13,1,-1,-1,-1
429,2,574.0,296.0,270.83,614.58,1,-1,-1,-1
429,3,1646.0,431.0,103.17,234.13,1,-1,-1,-1
430,0,1773.0,431.0,103.17,234.13,1,-1,-1,-1
430,1,1671.0,403.0,113.37,257.27,1,-1,-1,-1
430,2,574.0,296.0,270.83,614.58,1,-1,-1,-1
431,1,1671.0,403.0,113.37,257.27,1,-1,-1,-1
431,2,574.0,296.0,270.83,614.58,1,-1,-1,-1
431,4,1308.0,447.0,87.838,199.32,1,-1,-1,-1
432,1,1671.0,403.0,113.37,257.27,1,-1,-1,-1
432,4,988.0,363.0,146.62,332.71,1,-1,-1,-1
433,1,1776.0,420.0,113.37,257.27,1,-1,-1,-1
433,2,1811.0,403.0,113.37,257.27,1,-1,-1,-1
434,1,1773.0,415.0,103.17,234.13,1,-1,-1,-1
434,4,1011.0,363.0,146.62,332.71,1,-1,-1,-1
435,0,1694.0,431.0,103.17,234.13,1,-1,-1,-1
435,2,1726.0,415.0,103.17,234.13,1,-1,-1,-1
435,3,532.0,254.0,270.83,614.58,1,-1,-1,-1
436,2,1726.0,415.0,103.17,234.13,1,-1,-1,-1
436,4,490.0,296.0,270.83,614.58,1,-1,-1,-1
437,2,1759.0,403.0,113.37,257.27,1,-1,-1,-1
437,3,490.0,296.0,270.83,614.58,1,-1,-1,-1
438,0,1710.0,415.0,103.17,234.13,1,-1,-1,-1
438,2,1759.0,403.0,113.37,257.27,1,-1,-1,-1
439,2,1052.0,371.0,159.84,362.7,1,-1,-1,-1
439,4,1349.0,447.0,87.838,199.32,1,-1,-1,-1
440,0,1726.0,415.0,103.17,234.13,1,-1,-1,-1
440,1,1776.0,403.0,113.37,257.27,1,-1,-1,-1
440,2,1056.0,385.0,146.62,332.71,1,-1,-1,-1
440,3,1820.0,400.0,123.42,280.06,1,-1,-1,-1
441,0,1726.0,415.0,103.17,234.13,1,-1,-1,-1
441,2,1801.0,400.0,123.42,280.06,1,-1,-1,-1
441,4,1684.0,425.0,94.66,214.81,1,-1,-1,-1
442,0,1726.0,415.0,103.17,234.13,1,-1,-1,-1
442,1,1079.0,385.0,146.62,332.71,1,-1,-1,-1
442,2,1771.0,425.0,94.66,214.81,1,-1,-1,-1
442,3,1811.0,403.0,113.37,257.27,1,-1,-1,-1
443,0,1742.0,425.0,94.66,214.81,1,-1,-1,-1
443,2,1101.0,363.0,146.62,332.71,1,-1,-1,-1
443,3,1713.0,440.0,94.66,214.81,1,-1,-1,-1
443,5,1361.0,456.0,73.864,167.61,1,-1,-1,-1
444,0,1742.0,415.0,103.17,234.13,1,-1,-1,-1
444,1,1820.0,381.0,123.42,280.06,1,-1,-1,-1
445,0,1742.0,415.0,103.17,234.13,1,-1,-1,-1
445,2,1810.0,376.0,135.42,307.29,1,-1,-1,-1
446,0,1742.0,415.0,103.17,234.13,1,-1,-1,-1
446,1,1801.0,381.0,123.42,280.06,1,-1,-1,-1
447,1,1757.0,431.0,103.17,234.13,1,-1,-1,-1
447,2,1124.0,363.0,146.62,332.71,1,-1,-1,-1
448,0,1757.0,431.0,103.17,234.13,1,-1,-1,-1
448,1,1794.0,403.0,113.37,257.27,1,-1,-1,-1
448,2,1122.0,376.0,135.42,307.29,1,-1,-1,-1
449,1,1782.0,400.0,123.42,280.06,1,-1,-1,-1
449,2,1124.0,363.0,146.62,332.71,1,-1,-1,-1
451,1,1164.0,376.0,135.42,307.29,1,-1,-1,-1
453,1,1184.0,376.0,135.42,307.29,1,-1,-1,-1
454,1,1184.0,376.0,135.42,307.29,1,-1,-1,-1
454,2,1801.0,381.0,123.42,280.06,1,-1,-1,-1
455,0,1725.0,400.0,123.42,280.06,1,-1,-1,-1
455,1,1184.0,376.0,135.42,307.29,1,-1,-1,-1
456,0,1741.0,403.0,113.37,257.27,1,-1,-1,-1
456,1,1205.0,376.0,135.42,307.29,1,-1,-1,-1
457,0,1763.0,381.0,123.42,280.06,1,-1,-1,-1
457,1,1725.0,400.0,123.42,280.06,1,-1,-1,-1
458,0,1759.0,403.0,113.37,257.27,1,-1,-1,-1
458,1,1205.0,376.0,135.42,307.29,1,-1,-1,-1
459,0,1706.0,400.0,123.42,280.06,1,-1,-1,-1
460,1,1689.0,403.0,113.37,257.27,1,-1,-1,-1
460,2,1430.0,447.0,87.838,199.32,1,-1,-1,-1
461,0,1776.0,403.0,113.37,257.27,1,-1,-1,-1
462,1,1689.0,403.0,113.37,257.27,1,-1,-1,-1
463,1,1757.0,522.0,61.514,139.59,1,-1,-1,-1
464,0,1805.0,415.0,103.17,234.13,1,-1,-1,-1
466,0,1815.0,425.0,94.66,214.81,1,-1,-1,-1
467,0,1822.0,434.0,87.838,199.32,1,-1,-1,-1
468,0,1822.0,434.0,87.838,199.32,1,-1,-1,-1
469,0,1822.0,434.0,87.838,199.32,1,-1,-1,-1
469,1,1619.0,403.0,113.37,257.27,1,-1,-1,-1
470,0,1822.0,434.0,87.838,199.32,1,-1,-1,-1
470,1,1619.0,403.0,113.37,257.27,1,-1,-1,-1
471,0,1822.0,434.0,87.838,199.32,1,-1,-1,-1
471,1,1619.0,403.0,113.37,257.27,1,-1,-1,-1
471,2,305.0,318.0,226.74,514.53,1,-1,-1,-1
471,4,1759.0,403.0,113.37,257.27,1,-1,-1,-1
472,0,1822.0,434.0,87.838,199.32,1,-1,-1,-1
472,1,1619.0,403.0,113.37,257.27,1,-1,-1,-1
472,2,1671.0,403.0,113.37,257.27,1,-1,-1,-1
472,3,305.0,318.0,226.74,514.53,1,-1,-1,-1
473,0,1822.0,434.0,87.838,199.32,1,-1,-1,-1
473,1,1602.0,403.0,113.37,257.27,1,-1,-1,-1
473,2,1668.0,400.0,123.42,280.06,1,-1,-1,-1
473,4,1773.0,415.0,103.17,234.13,1,-1,-1,-1
474,0,1836.0,434.0,87.838,199.32,1,-1,-1,-1
474,2,1668.0,400.0,123.42,280.06,1,-1,-1,-1
474,3,1584.0,420.0,113.37,257.27,1,-1,-1,-1
474,4,1485.0,456.0,73.864,167.61,1,-1,-1,-1
475,0,1836.0,434.0,87.838,199.32,1,-1,-1,-1
475,1,1340.0,385.0,113.37,257.27,1,-1,-1,-1
475,3,1584.0,403.0,113.37,257.27,1,-1,-1,-1
475,4,1636.0,403.0,113.37,257.27,1,-1,-1,-1
475,5,340.0,318.0,226.74,514.53,1,-1,-1,-1
475,6,1484.0,447.0,87.838,199.32,1,-1,-1,-1
476,0,1836.0,434.0,87.838,199.32,1,-1,-1,-1
476,2,1773.0,399.0,103.17,234.13,1,-1,-1,-1
476,3,1636.0,403.0,113.37,257.27,1,-1,-1,-1
476,4,340.0,318.0,226.74,514.53,1,-1,-1,-1
476,5,1484.0,447.0,87.838,199.32,1,-1,-1,-1
476,6,1573.0,400.0,123.42,280.06,1,-1,-1,-1
477,0,1836.0,434.0,87.838,199.32,1,-1,-1,-1
477,1,1773.0,399.0,103.17,234.13,1,-1,-1,-1
477,3,1345.0,399.0,103.17,234.13,1,-1,-1,-1
477,4,340.0,318.0,226.74,514.53,1,-1,-1,-1
478,0,1836.0,434.0,87.838,199.32,1,-1,-1,-1
478,1,1619.0,403.0,113.37,257.27,1,-1,-1,-1
478,2,1773.0,399.0,103.17,234.13,1,-1,-1,-1
478,3,1567.0,420.0,113.37,257.27,1,-1,-1,-1
478,4,1361.0,399.0,103.17,234.13,1,-1,-1,-1
478,5,375.0,318.0,226.74,514.53,1,-1,-1,-1
479,0,1836.0,434.0,87.838,199.32,1,-1,-1,-1
479,1,1602.0,403.0,113.37,257.27,1,-1,-1,-1
479,2,1773.0,399.0,103.17,234.13,1,-1,-1,-1
479,4,1636.0,420.0,113.37,257.27,1,-1,-1,-1
480,0,1836.0,434.0,87.838,199.32,1,-1,-1,-1
480,1,1786.0,410.0,94.66,214.81,1,-1,-1,-1
480,2,1602.0,403.0,113.37,257.27,1,-1,-1,-1
480,5,1551.0,431.0,103.17,234.13,1,-1,-1,-1
481,0,1836.0,434.0,87.838,199.32,1,-1,-1,-1
481,1,1786.0,410.0,94.66,214.81,1,-1,-1,-1
481,2,1602.0,403.0,113.37,257.27,1,-1,-1,-1
481,4,1394.0,612.0,40.123,91.049,1,-1,-1,-1
482,0,1836.0,434.0,87.838,199.32,1,-1,-1,-1
482,1,1789.0,399.0,103.17,234.13,1,-1,-1,-1
482,2,1392.0,399.0,103.17,234.13,1,-1,-1,-1
483,0,1836.0,434.0,87.838,199.32,1,-1,-1,-1
483,1,1800.0,410.0,94.66,214.81,1,-1,-1,-1
483,4,1519.0,431.0,103.17,234.13,1,-1,-1,-1
484,0,1836.0,434.0,87.838,199.32,1,-1,-1,-1
484,1,1786.0,410.0,94.66,214.81,1,-1,-1,-1
484,2,1583.0,431.0,103.17,234.13,1,-1,-1,-1
484,3,440.0,353.0,207.45,470.74,1,-1,-1,-1
485,0,1836.0,434.0,87.838,199.32,1,-1,-1,-1
485,1,1567.0,415.0,103.17,234.13,1,-1,-1,-1
485,3,1535.0,431.0,103.17,234.13,1,-1,-1,-1
486,0,1836.0,434.0,87.838,199.32,1,-1,-1,-1
486,1,1488.0,431.0,103.17,234.13,1,-1,-1,-1
486,2,1549.0,403.0,113.37,257.27,1,-1,-1,-1
487,0,1836.0,434.0,87.838,199.32,1,-1,-1,-1
487,1,1504.0,431.0,103.17,234.13,1,-1,-1,-1
487,3,445.0,318.0,226.74,514.53,1,-1,-1,-1
488,0,1843.0,443.0,79.918,181.35,1,-1,-1,-1
488,1,472.0,322.0,207.45,470.74,1,-1,-1,-1
488,2,1549.0,403.0,113.37,257.27,1,-1,-1,-1
488,4,1800.0,410.0,94.66,214.81,1,-1,-1,-1
489,0,1843.0,443.0,79.918,181.35,1,-1,-1,-1
489,1,472.0,353.0,207.45,470.74,1,-1,-1,-1
490,0,1843.0,443.0,79.918,181.35,1,-1,-1,-1
490,1,480.0,318.0,226.74,514.53,1,-1,-1,-1
491,0,1440.0,400.0,123.42,280.06,1,-1,-1,-1
491,1,1535.0,431.0,103.17,234.13,1,-1,-1,-1
492,1,504.0,322.0,207.45,470.74,1,-1,-1,-1
493,0,504.0,353.0,207.45,470.74,1,-1,-1,-1
493,1,1440.0,400.0,123.42,280.06,1,-1,-1,-1
494,2,1567.0,440.0,94.66,214.81,1,-1,-1,-1
494,3,1800.0,396.0,94.66,214.81,1,-1,-1,-1
495,0,504.0,353.0,207.45,470.74,1,-1,-1,-1
495,1,1855.0,443.0,79.918,181.35,1,-1,-1,-1
496,0,1800.0,396.0,94.66,214.81,1,-1,-1,-1
497,0,1809.0,407.0,87.838,199.32,1,-1,-1,-1
497,1,536.0,353.0,207.45,470.74,1,-1,-1,-1
498,0,1268.0,447.0,87.838,199.32,1,-1,-1,-1
498,1,1809.0,420.0,87.838,199.32,1,-1,-1,-1
498,3,240.0,298.0,159.84,362.7,1,-1,-1,-1
499,0,1478.0,400.0,123.42,280.06,1,-1,-1,-1
499,1,1277.0,456.0,79.918,181.35,1,-1,-1,-1
499,2,568.0,353.0,207.45,470.74,1,-1,-1,-1
500,0,1477.0,376.0,135.42,307.29,1,-1,-1,-1
500,1,568.0,353.0,207.45,470.74,1,-1,-1,-1
500,3,1809.0,420.0,87.838,199.32,1,-1,-1,-1
501,0,1478.0,400.0,123.42,280.06,1,-1,-1,-1
501,1,1582.0,440.0,94.66,214.81,1,-1,-1,-1
502,0,1582.0,440.0,94.66,214.81,1,-1,-1,-1
502,1,568.0,353.0,207.45,470.74,1,-1,-1,-1
502,2,1478.0,400.0,123.42,280.06,1,-1,-1,-1
502,3,1809.0,420.0,87.838,199.32,1,-1,-1,-1
503,0,568.0,322.0,207.45,470.74,1,-1,-1,-1
503,1,1478.0,400.0,123.42,280.06,1,-1,-1,-1
503,3,1815.0,410.0,94.66,214.81,1,-1,-1,-1
504,0,600.0,322.0,207.45,470.74,1,-1,-1,-1
504,1,1583.0,431.0,103.17,234.13,1,-1,-1,-1
504,2,1497.0,400.0,123.42,280.06,1,-1,-1,-1
504,3,1440.0,431.0,103.17,234.13,1,-1,-1,-1
505,0,600.0,322.0,207.45,470.74,1,-1,-1,-1
505,1,1582.0,425.0,94.66,214.81,1,-1,-1,-1
505,2,1440.0,431.0,103.17,234.13,1,-1,-1,-1
505,3,1497.0,400.0,123.42,280.06,1,-1,-1,-1
506,0,600.0,322.0,207.45,470.74,1,-1,-1,-1
506,1,1806.0,521.0,36.723,83.333,1,-1,-1,-1
506,3,1497.0,400.0,123.42,280.06,1,-1,-1,-1
507,0,600.0,322.0,207.45,470.74,1,-1,-1,-1
507,2,1596.0,440.0,94.66,214.81,1,-1,-1,-1
507,3,1829.0,396.0,94.66,214.81,1,-1,-1,-1
508,0,600.0,322.0,207.45,470.74,1,-1,-1,-1
508,1,1514.0,403.0,113.37,257.27,1,-1,-1,-1
509,0,1349.0,440.0,94.66,214.81,1,-1,-1,-1
509,2,449.0,254.0,270.83,614.58,1,-1,-1,-1
509,3,1826.0,433.0,73.864,167.61,1,-1,-1,-1
510,0,1829.0,396.0,94.66,214.81,1,-1,-1,-1
510,1,1622.0,468.0,73.864,167.61,1,-1,-1,-1
514,2,532.0,254.0,270.83,614.58,1,-1,-1,-1
515,0,1549.0,403.0,113.37,257.27,1,-1,-1,-1
515,1,532.0,254.0,270.83,614.58,1,-1,-1,-1
516,1,1567.0,420.0,113.37,257.27,1,-1,-1,-1
517,0,1583.0,431.0,103.17,234.13,1,-1,-1,-1
517,1,574.0,254.0,270.83,614.58,1,-1,-1,-1
518,1,1583.0,431.0,103.17,234.13,1,-1,-1,-1
519,0,1361.0,431.0,103.17,234.13,1,-1,-1,-1
519,1,643.0,275.0,250.0,567.31,1,-1,-1,-1
520,1,1584.0,420.0,113.37,257.27,1,-1,-1,-1
521,0,657.0,254.0,270.83,614.58,1,-1,-1,-1
522,1,1633.0,593.0,33.737,76.557,1,-1,-1,-1
523,0,682.0,275.0,250.0,567.31,1,-1,-1,-1
524,0,689.0,283.0,226.74,514.53,1,-1,-1,-1
524,1,1602.0,403.0,113.37,257.27,1,-1,-1,-1
525,0,724.0,283.0,226.74,514.53,1,-1,-1,-1
