19,0,1666.0,419.0,146.62,332.71,1,-1,-1,-1
20,0,1666.0,408.0,159.84,362.7,1,-1,-1,-1
21,0,1633.0,355.0,159.84,362.7,1,-1,-1,-1
22,0,1632.0,353.0,159.84,362.7,1,-1,-1,-1
23,0,1643.0,354.0,175.68,398.65,1,-1,-1,-1
25,0,1619.0,396.0,159.84,362.7,1,-1,-1,-1
27,0,1619.0,396.0,175.68,398.65,1,-1,-1,-1
28,0,1613.0,314.0,175.68,398.65,1,-1,-1,-1
29,0,1614.0,330.0,159.84,362.7,1,-1,-1,-1
30,0,1619.0,364.0,175.68,398.65,1,-1,-1,-1
31,0,1616.0,354.0,175.68,398.65,1,-1,-1,-1
32,0,1615.0,351.0,159.84,362.7,1,-1,-1,-1
33,0,1619.0,404.0,175.68,398.65,1,-1,-1,-1
34,0,1616.0,361.0,175.68,398.65,1,-1,-1,-1
35,0,1615.0,346.0,175.68,398.65,1,-1,-1,-1
36,0,1615.0,346.0,175.68,398.65,1,-1,-1,-1
37,0,1615.0,350.0,175.68,398.65,1,-1,-1,-1
37,1,1349.0,490.0,73.864,167.61,1,-1,-1,-1
38,0,1615.0,353.0,175.68,398.65,1,-1,-1,-1
39,0,1616.0,354.0,175.68,398.65,1,-1,-1,-1
40,0,1616.0,388.0,189.32,429.61,1,-1,-1,-1
41,0,1623.0,359.0,189.32,429.61,1,-1,-1,-1
42,0,1624.0,349.0,189.32,429.61,1,-1,-1,-1
43,0,1623.0,349.0,175.68,398.65,1,-1,-1,-1
44,0,1615.0,385.0,189.32,429.61,1,-1,-1,-1
45,0,1584.0,358.0,189.32,429.61,1,-1,-1,-1
46,0,1617.0,349.0,189.32,429.61,1,-1,-1,-1
47,0,1591.0,349.0,189.32,429.61,1,-1,-1,-1
48,0,1585.0,351.0,189.32,429.61,1,-1,-1,-1
49,0,1588.0,353.0,189.32,429.61,1,-1,-1,-1
50,0,1591.0,354.0,189.32,429.61,1,-1,-1,-1
51,0,1592.0,354.0,189.32,429.61,1,-1,-1,-1
52,0,1557.0,354.0,189.32,429.61,1,-1,-1,-1
56,0,1587.0,354.0,189.32,429.61,1,-1,-1,-1
57,0,1564.0,354.0,189.32,429.61,1,-1,-1,-1
94,0,1617.0,254.0,270.83,614.58,1,-1,-1,-1
96,0,1617.0,254.0,270.83,614.58,1,-1,-1,-1
97,0,1537.0,254.0,270.83,614.58,1,-1,-1,-1
98,0,1552.0,254.0,270.83,614.58,1,-1,-1,-1
100,0,1565.0,254.0,270.83,614.58,1,-1,-1,-1
101,0,1573.0,254.0,270.83,614.58,1,-1,-1,-1
102,0,1576.0,254.0,270.83,614.58,1,-1,-1,-1
104,0,1534.0,213.0,270.83,614.58,1,-1,-1,-1
106,0,1534.0,213.0,270.83,614.58,1,-1,-1,-1
107,0,1534.0,213.0,270.83,614.58,1,-1,-1,-1
110,0,1534.0,213.0,250.0,567.31,1,-1,-1,-1
111,0,1523.0,242.0,226.74,514.53,1,-1,-1,-1
112,0,1523.0,260.0,226.74,514.53,1,-1,-1,-1
113,0,1526.0,236.0,250.0,567.31,1,-1,-1,-1
119,0,1200.0,296.0,250.0,567.31,1,-1,-1,-1
120,0,1181.0,313.0,250.0,567.31,1,-1,-1,-1
144,0,1284.0,171.0,270.83,614.58,1,-1,-1,-1
169,0,1395.0,502.0,73.864,167.61,1,-1,-1,-1
171,0,1395.0,502.0,73.864,167.61,1,-1,-1,-1
173,0,1378.0,454.0,94.66,214.81,1,-1,-1,-1
175,0,1388.0,480.0,79.918,181.35,1,-1,-1,-1
180,0,1409.0,510.0,67.474,153.11,1,-1,-1,-1
182,0,1404.0,498.0,67.474,153.11,1,-1,-1,-1
183,0,1411.0,497.0,73.864,167.61,1,-1,-1,-1
184,0,1406.0,501.0,73.864,167.61,1,-1,-1,-1
185,0,1406.0,490.0,73.864,167.61,1,-1,-1,-1
188,0,1412.0,492.0,79.918,181.35,1,-1,-1,-1
190,0,1417.0,465.0,79.918,181.35,1,-1,-1,-1
191,0,1408.0,485.0,87.838,199.32,1,-1,-1,-1
192,0,1415.0,474.0,87.838,199.32,1,-1,-1,-1
193,0,1417.0,490.0,73.864,167.61,1,-1,-1,-1
199,0,1422.0,469.0,103.17,234.13,1,-1,-1,-1
200,0,1394.0,426.0,94.66,214.81,1,-1,-1,-1
201,0,1419.0,465.0,87.838,199.32,1,-1,-1,-1
202,0,1434.0,497.0,94.66,214.81,1,-1,-1,-1
203,0,1443.0,476.0,94.66,214.81,1,-1,-1,-1
205,0,1441.0,467.0,103.17,234.13,1,-1,-1,-1
206,0,1443.0,438.0,103.17,234.13,1,-1,-1,-1
207,0,1442.0,435.0,103.17,234.13,1,-1,-1,-1
208,0,1440.0,440.0,113.37,257.27,1,-1,-1,-1
209,0,1423.0,433.0,103.17,234.13,1,-1,-1,-1
210,0,1437.0,445.0,103.17,234.13,1,-1,-1,-1
211,0,1442.0,449.0,103.17,234.13,1,-1,-1,-1
212,0,1442.0,448.0,113.37,257.27,1,-1,-1,-1
213,0,1446.0,436.0,113.37,257.27,1,-1,-1,-1
214,0,1446.0,434.0,113.37,257.27,1,-1,-1,-1
215,0,1445.0,435.0,113.37,257.27,1,-1,-1,-1
216,0,1444.0,437.0,113.37,257.27,1,-1,-1,-1
217,0,1443.0,437.0,113.37,257.27,1,-1,-1,-1
218,0,1443.0,438.0,113.37,257.27,1,-1,-1,-1
219,0,1466.0,438.0,113.37,257.27,1,-1,-1,-1
220,0,1469.0,438.0,113.37,257.27,1,-1,-1,-1
221,0,1466.0,438.0,113.37,257.27,1,-1,-1,-1
222,0,1463.0,437.0,113.37,257.27,1,-1,-1,-1
222,1,643.0,275.0,250.0,567.31,1,-1,-1,-1
223,0,1462.0,437.0,250.0,567.31,1,-1,-1,-1
224,0,486.0,234.0,250.0,567.31,1,-1,-1,-1
224,1,1462.0,438.0,113.37,257.27,1,-1,-1,-1
225,0,340.0,203.0,250.0,567.31,1,-1,-1,-1
226,0,474.0,231.0,226.74,514.53,1,-1,-1,-1
226,1,1495.0,469.0,94.66,214.81,1,-1,-1,-1
227,0,664.0,270.0,226.74,514.53,1,-1,-1,-1
228,0,741.0,286.0,103.17,234.13,1,-1,-1,-1
228,1,1484.0,460.0,207.45,470.74,1,-1,-1,-1
229,0,1727.0,513.0,103.17,234.13,1,-1,-1,-1
229,1,75.0,127.0,226.74,514.53,1,-1,-1,-1
230,0,1861.0,545.0,103.17,234.13,1,-1,-1,-1
230,1,758.0,275.0,250.0,567.31,1,-1,-1,-1
231,0,1716.0,511.0,113.37,257.27,1,-1,-1,-1
232,0,1565.0,447.0,113.37,257.27,1,-1,-1,-1
232,1,1726.0,399.0,103.17,234.13,1,-1,-1,-1
233,0,1493.0,426.0,113.37,257.27,1,-1,-1,-1
234,0,1477.0,427.0,113.37,257.27,1,-1,-1,-1
234,1,407.0,338.0,270.83,614.58,1,-1,-1,-1
235,0,1483.0,432.0,113.37,257.27,1,-1,-1,-1
235,2,829.0,283.0,226.74,514.53,1,-1,-1,-1
236,0,1512.0,436.0,113.37,257.27,1,-1,-1,-1
236,1,407.0,338.0,103.17,234.13,1,-1,-1,-1
237,0,1514.0,438.0,113.37,257.27,1,-1,-1,-1
237,1,1757.0,399.0,103.17,234.13,1,-1,-1,-1
239,0,1538.0,483.0,94.66,214.81,1,-1,-1,-1
241,0,888.0,290.0,207.45,470.74,1,-1,-1,-1
244,0,528.0,313.0,250.0,567.31,1,-1,-1,-1
245,1,528.0,313.0,250.0,567.31,1,-1,-1,-1
247,0,969.0,283.0,226.74,514.53,1,-1,-1,-1
247,1,2364.0,441.0,103.17,234.13,1,-1,-1,-1
248,1,1799.0,401.0,123.42,280.06,1,-1,-1,-1
249,0,991.0,293.0,250.0,567.31,1,-1,-1,-1
249,1,984.0,322.0,207.45,470.74,1,-1,-1,-1
249,2,326.0,260.0,123.42,280.06,1,-1,-1,-1
250,0,546.0,334.0,103.17,234.13,1,-1,-1,-1
250,2,2273.0,514.0,226.74,514.53,1,-1,-1,-1
250,3,1773.0,399.0,250.0,567.31,1,-1,-1,-1
251,0,2065.0,447.0,103.17,234.13,1,-1,-1,-1
251,1,758.0,313.0,250.0,567.31,1,-1,-1,-1
251,2,1238.0,285.0,226.74,514.53,1,-1,-1,-1
251,3,-269.0,232.0,113.37,257.27,1,-1,-1,-1
252,0,2181.0,444.0,250.0,567.31,1,-1,-1,-1
252,2,974.0,248.0,103.17,234.13,1,-1,-1,-1
252,3,1269.0,440.0,113.37,257.27,1,-1,-1,-1
253,0,743.0,314.0,250.0,567.31,1,-1,-1,-1
253,1,1143.0,278.0,103.17,234.13,1,-1,-1,-1
253,2,1888.0,401.0,189.32,429.61,1,-1,-1,-1
253,3,1625.0,472.0,113.37,257.27,1,-1,-1,-1
254,0,393.0,281.0,103.17,234.13,1,-1,-1,-1
254,1,2524.0,500.0,226.74,514.53,1,-1,-1,-1
254,2,1141.0,345.0,207.45,470.74,1,-1,-1,-1
254,3,1662.0,463.0,113.37,257.27,1,-1,-1,-1
255,0,1777.0,396.0,250.0,567.31,1,-1,-1,-1
255,1,824.0,346.0,103.17,234.13,1,-1,-1,-1
255,2,1048.0,322.0,207.45,470.74,1,-1,-1,-1
255,3,1606.0,448.0,113.37,257.27,1,-1,-1,-1
256,0,888.0,318.0,250.0,567.31,1,-1,-1,-1
256,1,1802.0,412.0,103.17,234.13,1,-1,-1,-1
257,0,668.0,296.0,250.0,567.31,1,-1,-1,-1
257,1,2022.0,421.0,207.45,470.74,1,-1,-1,-1
257,2,1532.0,438.0,113.37,257.27,1,-1,-1,-1
258,0,696.0,299.0,207.45,470.74,1,-1,-1,-1
258,1,593.0,354.0,250.0,567.31,1,-1,-1,-1
259,0,639.0,356.0,250.0,567.31,1,-1,-1,-1
259,1,461.0,287.0,207.45,470.74,1,-1,-1,-1
259,2,1126.0,322.0,159.84,362.7,1,-1,-1,-1
260,0,851.0,319.0,207.45,470.74,1,-1,-1,-1
260,1,1126.0,322.0,159.84,362.7,1,-1,-1,-1
261,0,773.0,356.0,207.45,470.74,1,-1,-1,-1
261,2,899.0,353.0,226.74,514.53,1,-1,-1,-1
262,0,747.0,364.0,207.45,470.74,1,-1,-1,-1
262,1,1535.0,463.0,103.17,234.13,1,-1,-1,-1
263,0,747.0,360.0,207.45,470.74,1,-1,-1,-1
264,0,793.0,355.0,207.45,470.74,1,-1,-1,-1
264,1,1535.0,463.0,113.37,257.27,1,-1,-1,-1
265,0,804.0,353.0,113.37,257.27,1,-1,-1,-1
265,1,1529.0,414.0,207.45,470.74,1,-1,-1,-1
266,0,1725.0,458.0,207.45,470.74,1,-1,-1,-1
266,1,483.0,303.0,113.37,257.27,1,-1,-1,-1
267,0,974.0,368.0,226.74,514.53,1,-1,-1,-1
267,1,824.0,353.0,207.45,470.74,1,-1,-1,-1
267,2,1532.0,438.0,113.37,257.27,1,-1,-1,-1
268,0,892.0,294.0,113.37,257.27,1,-1,-1,-1
269,0,1614.0,437.0,113.37,257.27,1,-1,-1,-1
270,0,1532.0,438.0,113.37,257.27,1,-1,-1,-1
272,0,1048.0,353.0,207.45,470.74,1,-1,-1,-1
274,0,1080.0,353.0,207.45,470.74,1,-1,-1,-1
274,1,1572.0,505.0,79.918,181.35,1,-1,-1,-1
276,0,1080.0,353.0,207.45,470.74,1,-1,-1,-1
276,1,1579.0,488.0,87.838,199.32,1,-1,-1,-1
277,0,1080.0,353.0,207.45,470.74,1,-1,-1,-1
278,0,1125.0,353.0,207.45,470.74,1,-1,-1,-1
278,1,1567.0,438.0,113.37,257.27,1,-1,-1,-1
279,0,1126.0,353.0,207.45,470.74,1,-1,-1,-1
280,0,1120.0,353.0,207.45,470.74,1,-1,-1,-1
281,0,1154.0,353.0,207.45,470.74,1,-1,-1,-1
282,0,1157.0,353.0,207.45,470.74,1,-1,-1,-1
283,0,1151.0,353.0,207.45,470.74,1,-1,-1,-1
284,0,1186.0,353.0,207.45,470.74,1,-1,-1,-1
285,0,1176.0,353.0,207.45,470.74,1,-1,-1,-1
287,0,1208.0,353.0,207.45,470.74,1,-1,-1,-1
289,0,1208.0,353.0,175.68,398.65,1,-1,-1,-1
290,0,897.0,407.0,175.68,398.65,1,-1,-1,-1
290,1,1287.0,339.0,207.45,470.74,1,-1,-1,-1
291,0,956.0,396.0,175.68,398.65,1,-1,-1,-1
291,1,1275.0,352.0,207.45,470.74,1,-1,-1,-1
292,0,1005.0,388.0,189.32,429.61,1,-1,-1,-1
292,1,1259.0,352.0,175.68,398.65,1,-1,-1,-1
293,0,1318.0,349.0,189.32,429.61,1,-1,-1,-1
293,1,1005.0,388.0,175.68,398.65,1,-1,-1,-1
294,0,1373.0,341.0,207.45,470.74,1,-1,-1,-1
294,1,1000.0,393.0,175.68,398.65,1,-1,-1,-1
295,0,1335.0,344.0,189.32,429.61,1,-1,-1,-1
295,1,1036.0,388.0,159.84,362.7,1,-1,-1,-1
296,0,1331.0,350.0,189.32,429.61,1,-1,-1,-1
296,1,1067.0,402.0,146.62,332.71,1,-1,-1,-1
297,0,1352.0,353.0,189.32,429.61,1,-1,-1,-1
297,1,1223.0,361.0,159.84,362.7,1,-1,-1,-1
297,2,1017.0,349.0,146.62,332.71,1,-1,-1,-1
298,0,1346.0,354.0,189.32,429.61,1,-1,-1,-1
298,1,1134.0,393.0,146.62,332.71,1,-1,-1,-1
298,2,1340.0,371.0,159.84,362.7,1,-1,-1,-1
299,0,1337.0,354.0,189.32,429.61,1,-1,-1,-1
299,1,1235.0,361.0,146.62,332.71,1,-1,-1,-1
299,2,1102.0,371.0,159.84,362.7,1,-1,-1,-1
300,0,1331.0,354.0,189.32,429.61,1,-1,-1,-1
300,1,1214.0,363.0,146.62,332.71,1,-1,-1,-1
301,0,1330.0,354.0,189.32,429.61,1,-1,-1,-1
302,0,1330.0,353.0,189.32,429.61,1,-1,-1,-1
303,0,1366.0,353.0,189.32,429.61,1,-1,-1,-1
304,0,1372.0,353.0,159.84,362.7,1,-1,-1,-1
305,0,1075.0,406.0,159.84,362.7,1,-1,-1,-1
306,0,1026.0,414.0,159.84,362.7,1,-1,-1,-1
307,0,1063.0,407.0,189.32,429.61,1,-1,-1,-1
307,1,1397.0,354.0,146.62,332.71,1,-1,-1,-1
308,0,1433.0,347.0,159.84,362.7,1,-1,-1,-1
308,1,1137.0,371.0,189.32,429.61,1,-1,-1,-1
309,0,1205.0,388.0,159.84,362.7,1,-1,-1,-1
309,1,1369.0,355.0,189.32,429.61,1,-1,-1,-1
309,2,1312.0,346.0,79.918,181.35,1,-1,-1,-1
310,0,1121.0,402.0,159.84,362.7,1,-1,-1,-1
310,1,1414.0,352.0,189.32,429.61,1,-1,-1,-1
310,2,2133.0,709.0,79.918,181.35,1,-1,-1,-1
311,0,1115.0,402.0,159.84,362.7,1,-1,-1,-1
311,1,1389.0,354.0,189.32,429.61,1,-1,-1,-1
311,2,1964.0,643.0,146.62,332.71,1,-1,-1,-1
312,0,1161.0,399.0,159.84,362.7,1,-1,-1,-1
312,2,1288.0,362.0,146.62,332.71,1,-1,-1,-1
312,3,1918.0,630.0,79.918,181.35,1,-1,-1,-1
313,0,1179.0,396.0,146.62,332.71,1,-1,-1,-1
313,1,1422.0,396.0,159.84,362.7,1,-1,-1,-1
313,2,1128.0,298.0,79.918,181.35,1,-1,-1,-1
313,3,1722.0,548.0,146.62,332.71,1,-1,-1,-1
314,0,1174.0,382.0,146.62,332.71,1,-1,-1,-1
314,2,1698.0,538.0,159.84,362.7,1,-1,-1,-1
314,3,1110.0,290.0,146.62,332.71,1,-1,-1,-1
315,0,1199.0,379.0,146.62,332.71,1,-1,-1,-1
315,2,1282.0,363.0,146.62,332.71,1,-1,-1,-1
316,0,1201.0,381.0,175.68,398.65,1,-1,-1,-1
316,1,1192.0,385.0,146.62,332.71,1,-1,-1,-1
317,0,1491.0,378.0,146.62,332.71,1,-1,-1,-1
317,2,1708.0,542.0,79.918,181.35,1,-1,-1,-1
318,0,1237.0,384.0,146.62,332.71,1,-1,-1,-1
318,1,1543.0,338.0,175.68,398.65,1,-1,-1,-1
319,0,1151.0,385.0,146.62,332.71,1,-1,-1,-1
319,1,1435.0,405.0,159.84,362.7,1,-1,-1,-1
320,0,1192.0,385.0,146.62,332.71,1,-1,-1,-1
320,1,1456.0,417.0,175.68,398.65,1,-1,-1,-1
321,1,1431.0,356.0,159.84,362.7,1,-1,-1,-1
322,0,1214.0,385.0,146.62,332.71,1,-1,-1,-1
322,1,1447.0,393.0,159.84,362.7,1,-1,-1,-1
323,1,1450.0,404.0,159.84,362.7,1,-1,-1,-1
324,0,1214.0,385.0,175.68,398.65,1,-1,-1,-1
324,1,1449.0,402.0,159.84,362.7,1,-1,-1,-1
325,0,1627.0,324.0,175.68,398.65,1,-1,-1,-1
325,1,1214.0,385.0,146.62,332.71,1,-1,-1,-1
326,0,1548.0,336.0,175.68,398.65,1,-1,-1,-1
327,0,1483.0,345.0,175.68,398.65,1,-1,-1,-1
327,1,1237.0,385.0,146.62,332.71,1,-1,-1,-1
328,0,1441.0,351.0,159.84,362.7,1,-1,-1,-1
329,0,1447.0,375.0,159.84,362.7,1,-1,-1,-1
329,1,1237.0,419.0,146.62,332.71,1,-1,-1,-1
330,0,1448.0,379.0,159.84,362.7,1,-1,-1,-1
330,1,1237.0,364.0,146.62,332.71,1,-1,-1,-1
331,0,1447.0,376.0,146.62,332.71,1,-1,-1,-1
331,1,1237.0,372.0,159.84,362.7,1,-1,-1,-1
332,0,1467.0,418.0,146.62,332.71,1,-1,-1,-1
332,1,1252.0,361.0,159.84,362.7,1,-1,-1,-1
333,0,1470.0,424.0,146.62,332.71,1,-1,-1,-1
333,1,1254.0,363.0,159.84,362.7,1,-1,-1,-1
334,0,1249.0,371.0,159.84,362.7,1,-1,-1,-1
334,1,1252.0,367.0,146.62,332.71,1,-1,-1,-1
334,2,1592.0,419.0,123.42,280.06,1,-1,-1,-1
335,1,1517.0,416.0,146.62,332.71,1,-1,-1,-1
335,2,1665.0,455.0,135.42,307.29,1,-1,-1,-1
335,3,1623.0,418.0,135.42,307.29,1,-1,-1,-1
336,0,1282.0,408.0,146.62,332.71,1,-1,-1,-1
336,1,1463.0,408.0,146.62,332.71,1,-1,-1,-1
336,2,1611.0,419.0,123.42,280.06,1,-1,-1,-1
337,3,1581.0,397.0,135.42,307.29,1,-1,-1,-1
338,0,1282.0,373.0,146.62,332.71,1,-1,-1,-1
338,1,1440.0,385.0,146.62,332.71,1,-1,-1,-1
338,2,1623.0,418.0,135.42,307.29,1,-1,-1,-1
339,0,1326.0,384.0,146.62,332.71,1,-1,-1,-1
340,0,1318.0,384.0,146.62,332.71,1,-1,-1,-1
340,1,1440.0,385.0,146.62,332.71,1,-1,-1,-1
341,0,1311.0,384.0,146.62,332.71,1,-1,-1,-1
341,1,1440.0,385.0,159.84,362.7,1,-1,-1,-1
342,0,1306.0,385.0,146.62,332.71,1,-1,-1,-1
342,1,1448.0,365.0,146.62,332.71,1,-1,-1,-1
343,0,1332.0,385.0,146.62,332.71,1,-1,-1,-1
343,1,1441.0,382.0,146.62,332.71,1,-1,-1,-1
344,0,1335.0,385.0,135.42,307.29,1,-1,-1,-1
344,1,1438.0,387.0,135.42,307.29,1,-1,-1,-1
345,0,1336.0,400.0,135.42,307.29,1,-1,-1,-1
345,1,1694.0,428.0,135.42,307.29,1,-1,-1,-1
345,2,1360.0,417.0,135.42,307.29,1,-1,-1,-1
346,0,1333.0,402.0,135.42,307.29,1,-1,-1,-1
346,1,1497.0,433.0,146.62,332.71,1,-1,-1,-1
346,2,1814.0,417.0,135.42,307.29,1,-1,-1,-1
347,0,1330.0,400.0,123.42,280.06,1,-1,-1,-1
347,1,1436.0,385.0,146.62,332.71,1,-1,-1,-1
347,2,1777.0,417.0,135.42,307.29,1,-1,-1,-1
348,0,1330.0,397.0,135.42,307.29,1,-1,-1,-1
348,1,1434.0,373.0,135.42,307.29,1,-1,-1,-1
348,2,1723.0,417.0,146.62,332.71,1,-1,-1,-1
349,1,1439.0,417.0,146.62,332.71,1,-1,-1,-1
349,2,1655.0,376.0,135.42,307.29,1,-1,-1,-1
350,0,1351.0,397.0,135.42,307.29,1,-1,-1,-1
350,1,1457.0,387.0,146.62,332.71,1,-1,-1,-1
350,2,1658.0,411.0,135.42,307.29,1,-1,-1,-1
351,1,1464.0,378.0,146.62,332.71,1,-1,-1,-1
351,2,1662.0,397.0,135.42,307.29,1,-1,-1,-1
352,0,1351.0,397.0,146.62,332.71,1,-1,-1,-1
352,1,1465.0,379.0,146.62,332.71,1,-1,-1,-1
352,2,1663.0,393.0,135.42,307.29,1,-1,-1,-1
353,0,1962.0,373.0,135.42,307.29,1,-1,-1,-1
353,1,1464.0,382.0,146.62,332.71,1,-1,-1,-1
353,2,1273.0,394.0,135.42,307.29,1,-1,-1,-1
354,0,1577.0,395.0,146.62,332.71,1,-1,-1,-1
354,1,1717.0,384.0,135.42,307.29,1,-1,-1,-1
354,2,1214.0,395.0,135.42,307.29,1,-1,-1,-1
355,0,1713.0,384.0,135.42,307.29,1,-1,-1,-1
355,1,1518.0,400.0,135.42,307.29,1,-1,-1,-1
355,2,1267.0,396.0,146.62,332.71,1,-1,-1,-1
356,0,1485.0,396.0,135.42,307.29,1,-1,-1,-1
356,1,1316.0,402.0,135.42,307.29,1,-1,-1,-1
356,2,1716.0,382.0,146.62,332.71,1,-1,-1,-1
357,0,1293.0,400.0,135.42,307.29,1,-1,-1,-1
357,1,1425.0,400.0,146.62,332.71,1,-1,-1,-1
357,2,1832.0,379.0,146.62,332.71,1,-1,-1,-1
358,0,1284.0,399.0,135.42,307.29,1,-1,-1,-1
358,1,1488.0,383.0,146.62,332.71,1,-1,-1,-1
358,2,1789.0,381.0,146.62,332.71,1,-1,-1,-1
359,0,1326.0,397.0,146.62,332.71,1,-1,-1,-1
359,1,1502.0,379.0,135.42,307.29,1,-1,-1,-1
359,2,1728.0,383.0,146.62,332.71,1,-1,-1,-1
360,0,1500.0,382.0,135.42,307.29,1,-1,-1,-1
360,1,1355.0,396.0,146.62,332.71,1,-1,-1,-1
360,2,1693.0,384.0,135.42,307.29,1,-1,-1,-1
361,0,1421.0,394.0,135.42,307.29,1,-1,-1,-1
361,1,1468.0,385.0,135.42,307.29,1,-1,-1,-1
361,2,1703.0,400.0,135.42,307.29,1,-1,-1,-1
362,0,1387.0,398.0,135.42,307.29,1,-1,-1,-1
362,1,1781.0,397.0,135.42,307.29,1,-1,-1,-1
362,2,1446.0,402.0,135.42,307.29,1,-1,-1,-1
363,0,1381.0,399.0,146.62,332.71,1,-1,-1,-1
363,1,1821.0,400.0,135.42,307.29,1,-1,-1,-1
363,2,1393.0,397.0,135.42,307.29,1,-1,-1,-1
364,0,1783.0,383.0,146.62,332.71,1,-1,-1,-1
364,1,1512.0,399.0,146.62,332.71,1,-1,-1,-1
365,0,1593.0,380.0,135.42,307.29,1,-1,-1,-1
365,1,1695.0,382.0,146.62,332.71,1,-1,-1,-1
365,2,1518.0,397.0,135.42,307.29,1,-1,-1,-1
366,0,1386.0,396.0,135.42,307.29,1,-1,-1,-1
366,1,1777.0,379.0,135.42,307.29,1,-1,-1,-1
367,0,1348.0,401.0,146.62,332.71,1,-1,-1,-1
367,1,1506.0,396.0,135.42,307.29,1,-1,-1,-1
367,2,1840.0,379.0,135.42,307.29,1,-1,-1,-1
368,0,1771.0,385.0,135.42,307.29,1,-1,-1,-1
368,1,1444.0,401.0,135.42,307.29,1,-1,-1,-1
368,2,1161.0,407.0,146.62,332.71,1,-1,-1,-1
369,0,1484.0,396.0,135.42,307.29,1,-1,-1,-1
369,1,1491.0,400.0,135.42,307.29,1,-1,-1,-1
369,2,1690.0,386.0,146.62,332.71,1,-1,-1,-1
370,0,1388.0,399.0,135.42,307.29,1,-1,-1,-1
370,1,1527.0,398.0,135.42,307.29,1,-1,-1,-1
370,2,1820.0,382.0,146.62,332.71,1,-1,-1,-1
371,0,1387.0,398.0,135.42,307.29,1,-1,-1,-1
371,1,1542.0,397.0,135.42,307.29,1,-1,-1,-1
371,2,1819.0,382.0,146.62,332.71,1,-1,-1,-1
372,0,1411.0,397.0,123.42,280.06,1,-1,-1,-1
372,1,1544.0,396.0,135.42,307.29,1,-1,-1,-1
372,2,1787.0,383.0,146.62,332.71,1,-1,-1,-1
372,3,1075.0,354.0,189.32,429.61,1,-1,-1,-1
373,0,1435.0,424.0,135.42,307.29,1,-1,-1,-1
373,1,1568.0,396.0,123.42,280.06,1,-1,-1,-1
373,2,1763.0,384.0,146.62,332.71,1,-1,-1,-1
373,3,1063.0,354.0,189.32,429.61,1,-1,-1,-1
374,0,1593.0,401.0,135.42,307.29,1,-1,-1,-1
374,1,1443.0,424.0,123.42,280.06,1,-1,-1,-1
374,2,1069.0,354.0,189.32,429.61,1,-1,-1,-1
374,3,1779.0,385.0,146.62,332.71,1,-1,-1,-1
375,0,1616.0,393.0,123.42,280.06,1,-1,-1,-1
375,1,1420.0,428.0,135.42,307.29,1,-1,-1,-1
376,0,1467.0,420.0,123.42,280.06,1,-1,-1,-1
376,1,1586.0,397.0,135.42,307.29,1,-1,-1,-1
377,0,1426.0,426.0,135.42,307.29,1,-1,-1,-1
377,1,1625.0,389.0,123.42,280.06,1,-1,-1,-1
378,0,1584.0,396.0,135.42,307.29,1,-1,-1,-1
378,1,1460.0,418.0,123.42,280.06,1,-1,-1,-1
379,0,1622.0,389.0,113.37,257.27,1,-1,-1,-1
379,1,1418.0,426.0,123.42,280.06,1,-1,-1,-1
380,0,1462.0,420.0,113.37,257.27,1,-1,-1,-1
380,1,1594.0,400.0,123.42,280.06,1,-1,-1,-1
380,2,1040.0,354.0,189.32,429.61,1,-1,-1,-1
381,0,1443.0,427.0,113.37,257.27,1,-1,-1,-1
381,1,1592.0,419.0,123.42,280.06,1,-1,-1,-1
381,2,1040.0,354.0,207.45,470.74,1,-1,-1,-1
382,0,1456.0,425.0,113.37,257.27,1,-1,-1,-1
382,2,1006.0,308.0,207.45,470.74,1,-1,-1,-1
383,0,1470.0,422.0,113.37,257.27,1,-1,-1,-1
383,1,1611.0,400.0,123.42,280.06,1,-1,-1,-1
383,2,1004.0,307.0,207.45,470.74,1,-1,-1,-1
384,0,1478.0,420.0,113.37,257.27,1,-1,-1,-1
384,2,1016.0,322.0,207.45,470.74,1,-1,-1,-1
385,0,1480.0,419.0,123.42,280.06,1,-1,-1,-1
385,1,1611.0,400.0,113.37,257.27,1,-1,-1,-1
386,0,1479.0,394.0,123.42,280.06,1,-1,-1,-1
386,1,1626.0,438.0,113.37,257.27,1,-1,-1,-1
387,0,1478.0,391.0,123.42,280.06,1,-1,-1,-1
387,1,1623.0,431.0,123.42,280.06,1,-1,-1,-1
388,0,1477.0,394.0,113.37,257.27,1,-1,-1,-1
388,1,1635.0,399.0,123.42,280.06,1,-1,-1,-1
389,0,1501.0,423.0,113.37,257.27,1,-1,-1,-1
389,1,1635.0,392.0,123.42,280.06,1,-1,-1,-1
390,0,1505.0,428.0,113.37,257.27,1,-1,-1,-1
390,1,1632.0,394.0,113.37,257.27,1,-1,-1,-1
391,0,1502.0,425.0,123.42,280.06,1,-1,-1,-1
391,1,1630.0,419.0,123.42,280.06,1,-1,-1,-1
392,0,1498.0,397.0,113.37,257.27,1,-1,-1,-1
393,0,1518.0,416.0,113.37,257.27,1,-1,-1,-1
393,1,1649.0,400.0,123.42,280.06,1,-1,-1,-1
394,0,1514.0,420.0,113.37,257.27,1,-1,-1,-1
395,1,1649.0,400.0,123.42,280.06,1,-1,-1,-1
396,0,1532.0,420.0,113.37,257.27,1,-1,-1,-1
396,1,1685.0,400.0,123.42,280.06,1,-1,-1,-1
397,1,1678.0,400.0,123.42,280.06,1,-1,-1,-1
398,0,1536.0,436.0,103.17,234.13,1,-1,-1,-1
398,1,1673.0,400.0,123.42,280.06,1,-1,-1,-1
398,2,925.0,316.0,226.74,514.53,1,-1,-1,-1
399,0,1535.0,431.0,103.17,234.13,1,-1,-1,-1
399,1,1669.0,400.0,123.42,280.06,1,-1,-1,-1
399,2,865.0,317.0,226.74,514.53,1,-1,-1,-1
400,0,1557.0,431.0,103.17,234.13,1,-1,-1,-1
400,1,1667.0,400.0,123.42,280.06,1,-1,-1,-1
400,2,878.0,317.0,226.74,514.53,1,-1,-1,-1
401,0,1558.0,431.0,103.17,234.13,1,-1,-1,-1
401,1,1691.0,400.0,123.42,280.06,1,-1,-1,-1
401,2,899.0,318.0,226.74,514.53,1,-1,-1,-1
402,0,1555.0,430.0,103.17,234.13,1,-1,-1,-1
402,1,1694.0,400.0,123.42,280.06,1,-1,-1,-1
403,0,1552.0,430.0,103.17,234.13,1,-1,-1,-1
403,1,1691.0,400.0,123.42,280.06,1,-1,-1,-1
404,0,1570.0,430.0,103.17,234.13,1,-1,-1,-1
404,1,1688.0,400.0,123.42,280.06,1,-1,-1,-1
405,0,1573.0,430.0,103.17,234.13,1,-1,-1,-1
405,1,1687.0,400.0,123.42,280.06,1,-1,-1,-1
406,0,1570.0,430.0,103.17,234.13,1,-1,-1,-1
406,1,1710.0,400.0,123.42,280.06,1,-1,-1,-1
407,0,1568.0,431.0,103.17,234.13,1,-1,-1,-1
407,1,1714.0,400.0,123.42,280.06,1,-1,-1,-1
407,2,829.0,318.0,226.74,514.53,1,-1,-1,-1
408,0,1587.0,431.0,103.17,234.13,1,-1,-1,-1
408,1,1710.0,400.0,113.37,257.27,1,-1,-1,-1
409,0,1589.0,431.0,103.17,234.13,1,-1,-1,-1
409,1,1707.0,425.0,113.37,257.27,1,-1,-1,-1
410,0,1587.0,431.0,103.17,234.13,1,-1,-1,-1
410,1,1706.0,428.0,113.37,257.27,1,-1,-1,-1
411,0,1604.0,430.0,103.17,234.13,1,-1,-1,-1
411,1,1705.0,425.0,113.37,257.27,1,-1,-1,-1
412,0,1605.0,430.0,103.17,234.13,1,-1,-1,-1
412,1,1706.0,420.0,113.37,257.27,1,-1,-1,-1
412,2,1759.0,403.0,226.74,514.53,1,-1,-1,-1
413,0,1602.0,430.0,103.17,234.13,1,-1,-1,-1
413,2,-113.0,238.0,226.74,514.53,1,-1,-1,-1
414,0,1620.0,430.0,103.17,234.13,1,-1,-1,-1
414,1,1724.0,420.0,113.37,257.27,1,-1,-1,-1
414,2,794.0,318.0,226.74,514.53,1,-1,-1,-1
415,0,1621.0,431.0,103.17,234.13,1,-1,-1,-1
416,0,1618.0,431.0,113.37,257.27,1,-1,-1,-1
416,1,1724.0,420.0,103.17,234.13,1,-1,-1,-1
417,0,1752.0,417.0,103.17,234.13,1,-1,-1,-1
417,1,1512.0,441.0,123.42,280.06,1,-1,-1,-1
418,0,1654.0,428.0,113.37,257.27,1,-1,-1,-1
418,1,1708.0,393.0,103.17,234.13,1,-1,-1,-1
419,0,1756.0,419.0,113.37,257.27,1,-1,-1,-1
419,1,1626.0,407.0,103.17,234.13,1,-1,-1,-1
419,2,254.0,211.0,113.37,257.27,1,-1,-1,-1
419,3,2279.0,466.0,250.0,567.31,1,-1,-1,-1
420,0,1774.0,417.0,103.17,234.13,1,-1,-1,-1
420,1,1609.0,414.0,113.37,257.27,1,-1,-1,-1
420,2,1776.0,403.0,113.37,257.27,1,-1,-1,-1
420,3,741.0,254.0,270.83,614.58,1,-1,-1,-1
421,0,1623.0,411.0,103.17,234.13,1,-1,-1,-1
421,1,1754.0,422.0,103.17,234.13,1,-1,-1,-1
422,0,1608.0,412.0,103.17,234.13,1,-1,-1,-1
422,1,1803.0,437.0,113.37,257.27,1,-1,-1,-1
423,0,1646.0,415.0,103.17,234.13,1,-1,-1,-1
423,1,1795.0,423.0,113.37,257.27,1,-1,-1,-1
424,1,1775.0,418.0,113.37,257.27,1,-1,-1,-1
425,0,1662.0,431.0,103.17,234.13,1,-1,-1,-1
425,1,1759.0,420.0,113.37,257.27,1,-1,-1,-1
427,0,1662.0,431.0,103.17,234.13,1,-1,-1,-1
427,1,1776.0,403.0,113.37,257.27,1,-1,-1,-1
428,0,1662.0,399.0,103.17,234.13,1,-1,-1,-1
429,0,1662.0,405.0,103.17,234.13,1,-1,-1,-1
429,1,1771.0,444.0,103.17,234.13,1,-1,-1,-1
430,0,1802.0,431.0,103.17,234.13,1,-1,-1,-1
430,1,1588.0,400.0,113.37,257.27,1,-1,-1,-1
431,0,1820.0,436.0,103.17,234.13,1,-1,-1,-1
431,1,1614.0,389.0,113.37,257.27,1,-1,-1,-1
432,0,1821.0,435.0,113.37,257.27,1,-1,-1,-1
432,1,1642.0,393.0,113.37,257.27,1,-1,-1,-1
433,0,1678.0,415.0,103.17,234.13,1,-1,-1,-1
433,1,1662.0,398.0,113.37,257.27,1,-1,-1,-1
434,1,1773.0,415.0,103.17,234.13,1,-1,-1,-1
435,0,1694.0,431.0,103.17,234.13,1,-1,-1,-1
438,0,1710.0,415.0,103.17,234.13,1,-1,-1,-1
440,0,1710.0,415.0,103.17,234.13,1,-1,-1,-1
441,0,1741.0,415.0,103.17,234.13,1,-1,-1,-1
442,0,1735.0,415.0,103.17,234.13,1,-1,-1,-1
443,0,1730.0,415.0,94.66,214.81,1,-1,-1,-1
444,0,1747.0,427.0,103.17,234.13,1,-1,-1,-1
445,0,1748.0,416.0,103.17,234.13,1,-1,-1,-1
446,0,1742.0,415.0,103.17,234.13,1,-1,-1,-1
452,0,1767.0,403.0,113.37,257.27,1,-1,-1,-1
453,0,1759.0,403.0,113.37,257.27,1,-1,-1,-1
454,0,1733.0,403.0,113.37,257.27,1,-1,-1,-1
455,0,1732.0,403.0,123.42,280.06,1,-1,-1,-1
456,0,1741.0,403.0,113.37,257.27,1,-1,-1,-1
458,0,1759.0,403.0,113.37,257.27,1,-1,-1,-1
464,0,1805.0,415.0,103.17,234.13,1,-1,-1,-1
466,0,1805.0,415.0,94.66,214.81,1,-1,-1,-1
467,0,1824.0,434.0,87.838,199.32,1,-1,-1,-1
468,0,1830.0,443.0,87.838,199.32,1,-1,-1,-1
469,0,1827.0,440.0,87.838,199.32,1,-1,-1,-1
470,0,1824.0,436.0,87.838,199.32,1,-1,-1,-1
471,0,1822.0,434.0,87.838,199.32,1,-1,-1,-1
472,0,1821.0,433.0,87.838,199.32,1,-1,-1,-1
473,0,1821.0,433.0,87.838,199.32,1,-1,-1,-1
474,0,1821.0,433.0,87.838,199.32,1,-1,-1,-1
475,0,1839.0,433.0,87.838,199.32,1,-1,-1,-1
476,0,1842.0,434.0,87.838,199.32,1,-1,-1,-1
477,0,1839.0,434.0,87.838,199.32,1,-1,-1,-1
478,0,1837.0,434.0,87.838,199.32,1,-1,-1,-1
478,1,1619.0,403.0,113.37,257.27,1,-1,-1,-1
479,0,1836.0,434.0,87.838,199.32,1,-1,-1,-1
479,2,1773.0,399.0,103.17,234.13,1,-1,-1,-1
480,0,1835.0,434.0,87.838,199.32,1,-1,-1,-1
481,0,1835.0,433.0,87.838,199.32,1,-1,-1,-1
481,1,1786.0,410.0,94.66,214.81,1,-1,-1,-1
482,0,1835.0,433.0,87.838,199.32,1,-1,-1,-1
483,0,1835.0,433.0,87.838,199.32,1,-1,-1,-1
484,0,1836.0,433.0,87.838,199.32,1,-1,-1,-1
485,0,1836.0,434.0,87.838,199.32,1,-1,-1,-1
486,0,1836.0,434.0,87.838,199.32,1,-1,-1,-1
487,0,1836.0,434.0,87.838,199.32,1,-1,-1,-1
488,0,1835.0,434.0,79.918,181.35,1,-1,-1,-1
489,0,1844.0,445.0,79.918,181.35,1,-1,-1,-1
490,0,1843.0,443.0,79.918,181.35,1,-1,-1,-1
