6,2,1333.0,498.0,56.686,128.63,1,-1,-1,-1
7,0,1668.0,371.0,159.84,362.7,1,-1,-1,-1
8,2,1848.0,505.0,30.903,70.127,1,-1,-1,-1
9,0,1668.0,371.0,146.62,332.71,1,-1,-1,-1
10,0,1665.0,391.0,146.62,332.71,1,-1,-1,-1
11,0,1695.0,391.0,146.62,332.71,1,-1,-1,-1
11,1,1326.0,504.0,67.474,153.11,1,-1,-1,-1
12,0,1698.0,388.0,146.62,332.71,1,-1,-1,-1
12,1,1326.0,503.0,73.864,167.61,1,-1,-1,-1
13,0,1689.0,385.0,146.62,332.71,1,-1,-1,-1
13,1,1326.0,488.0,73.864,167.61,1,-1,-1,-1
14,1,1326.0,485.0,73.864,167.61,1,-1,-1,-1
15,0,1668.0,371.0,159.84,362.7,1,-1,-1,-1
15,1,1825.0,535.0,33.737,76.557,1,-1,-1,-1
16,2,1336.0,500.0,67.474,153.11,1,-1,-1,-1
19,2,1594.0,396.0,159.84,362.7,1,-1,-1,-1
21,0,1643.0,371.0,159.84,362.7,1,-1,-1,-1
21,2,1256.0,525.0,159.84,362.7,1,-1,-1,-1
22,2,1634.0,380.0,159.84,362.7,1,-1,-1,-1
23,0,1643.0,354.0,175.68,398.65,1,-1,-1,-1
23,1,1349.0,490.0,73.864,167.61,1,-1,-1,-1
23,2,1589.0,381.0,175.68,398.65,1,-1,-1,-1
24,1,1349.0,490.0,73.864,167.61,1,-1,-1,-1
25,0,1609.0,411.0,159.84,362.7,1,-1,-1,-1
25,1,1349.0,490.0,73.864,167.61,1,-1,-1,-1
25,2,1668.0,371.0,159.84,362.7,1,-1,-1,-1
25,3,1840.0,532.0,36.723,83.333,1,-1,-1,-1
26,0,1611.0,408.0,159.84,362.7,1,-1,-1,-1
26,1,1349.0,490.0,73.864,167.61,1,-1,-1,-1
27,0,1615.0,402.0,175.68,398.65,1,-1,-1,-1
27,1,1349.0,490.0,73.864,167.61,1,-1,-1,-1
27,2,1831.0,557.0,26.0,59.0,1,-1,-1,-1
27,3,1326.0,479.0,73.864,167.61,1,-1,-1,-1
28,0,1614.0,344.0,175.68,398.65,1,-1,-1,-1
28,1,1349.0,490.0,73.864,167.61,1,-1,-1,-1
29,0,1619.0,371.0,159.84,362.7,1,-1,-1,-1
29,1,1349.0,490.0,73.864,167.61,1,-1,-1,-1
29,2,31.0,254.0,270.83,614.58,1,-1,-1,-1
30,1,1339.0,480.0,79.918,181.35,1,-1,-1,-1
31,0,1616.0,354.0,175.68,398.65,1,-1,-1,-1
32,1,1349.0,490.0,73.864,167.61,1,-1,-1,-1
33,0,1616.0,354.0,175.68,398.65,1,-1,-1,-1
35,0,1616.0,354.0,175.68,398.65,1,-1,-1,-1
35,2,1752.0,290.0,175.68,398.65,1,-1,-1,-1
36,0,1616.0,354.0,175.68,398.65,1,-1,-1,-1
36,2,1631.0,423.0,175.68,398.65,1,-1,-1,-1
36,3,1920.0,225.0,207.45,470.74,1,-1,-1,-1
37,0,1616.0,354.0,175.68,398.65,1,-1,-1,-1
37,1,1349.0,490.0,73.864,167.61,1,-1,-1,-1
37,2,1629.0,425.0,175.68,398.65,1,-1,-1,-1
37,3,1888.0,237.0,207.45,470.74,1,-1,-1,-1
38,0,1616.0,354.0,175.68,398.65,1,-1,-1,-1
38,1,1349.0,490.0,73.864,167.61,1,-1,-1,-1
38,2,1670.0,381.0,175.68,398.65,1,-1,-1,-1
38,3,1816.0,265.0,207.45,470.74,1,-1,-1,-1
39,0,1616.0,354.0,175.68,398.65,1,-1,-1,-1
39,1,1349.0,490.0,73.864,167.61,1,-1,-1,-1
39,3,1308.0,461.0,87.838,199.32,1,-1,-1,-1
40,0,1616.0,387.0,189.32,429.61,1,-1,-1,-1
40,1,1349.0,490.0,73.864,167.61,1,-1,-1,-1
40,2,1752.0,290.0,207.45,470.74,1,-1,-1,-1
41,0,1623.0,359.0,189.32,429.61,1,-1,-1,-1
41,1,1349.0,490.0,73.864,167.61,1,-1,-1,-1
41,3,1310.0,545.0,52.0,118.0,1,-1,-1,-1
41,4,333.0,543.0,146.62,332.71,1,-1,-1,-1
42,0,1624.0,349.0,189.32,429.61,1,-1,-1,-1
42,1,1349.0,490.0,73.864,167.61,1,-1,-1,-1
42,2,1752.0,290.0,207.45,470.74,1,-1,-1,-1
43,0,1623.0,349.0,175.68,398.65,1,-1,-1,-1
43,1,1349.0,490.0,73.864,167.61,1,-1,-1,-1
43,2,1752.0,290.0,207.45,470.74,1,-1,-1,-1
44,0,1615.0,385.0,189.32,429.61,1,-1,-1,-1
44,1,1349.0,490.0,73.864,167.61,1,-1,-1,-1
44,2,1752.0,290.0,226.74,514.53,1,-1,-1,-1
45,0,1584.0,358.0,189.32,429.61,1,-1,-1,-1
45,1,1349.0,490.0,73.864,167.61,1,-1,-1,-1
45,2,1733.0,281.0,207.45,470.74,1,-1,-1,-1
46,0,1617.0,349.0,189.32,429.61,1,-1,-1,-1
46,1,1349.0,490.0,73.864,167.61,1,-1,-1,-1
46,2,1749.0,288.0,207.45,470.74,1,-1,-1,-1
47,0,1591.0,349.0,189.32,429.61,1,-1,-1,-1
47,1,1349.0,490.0,73.864,167.61,1,-1,-1,-1
47,2,1754.0,291.0,226.74,514.53,1,-1,-1,-1
48,0,1585.0,351.0,189.32,429.61,1,-1,-1,-1
48,1,1349.0,490.0,73.864,167.61,1,-1,-1,-1
48,2,1735.0,282.0,226.74,514.53,1,-1,-1,-1
49,0,1588.0,353.0,189.32,429.61,1,-1,-1,-1
49,1,1349.0,490.0,73.864,167.61,1,-1,-1,-1
49,2,1752.0,290.0,207.45,470.74,1,-1,-1,-1
49,3,1670.0,354.0,175.68,398.65,1,-1,-1,-1
50,0,1591.0,354.0,189.32,429.61,1,-1,-1,-1
50,1,1349.0,490.0,73.864,167.61,1,-1,-1,-1
51,0,1592.0,354.0,189.32,429.61,1,-1,-1,-1
51,1,1349.0,490.0,73.864,167.61,1,-1,-1,-1
51,2,1643.0,381.0,175.68,398.65,1,-1,-1,-1
51,3,1670.0,391.0,226.74,514.53,1,-1,-1,-1
52,0,1557.0,354.0,189.32,429.61,1,-1,-1,-1
52,1,1349.0,490.0,73.864,167.61,1,-1,-1,-1
52,3,1768.0,245.0,175.68,398.65,1,-1,-1,-1
53,0,1587.0,354.0,189.32,429.61,1,-1,-1,-1
53,1,1349.0,490.0,73.864,167.61,1,-1,-1,-1
53,2,1772.0,245.0,226.74,514.53,1,-1,-1,-1
53,3,1315.0,545.0,47.794,108.46,1,-1,-1,-1
54,0,1593.0,354.0,189.32,429.61,1,-1,-1,-1
54,1,1349.0,490.0,73.864,167.61,1,-1,-1,-1
54,2,1765.0,252.0,226.74,514.53,1,-1,-1,-1
55,1,1349.0,490.0,73.864,167.61,1,-1,-1,-1
55,2,1622.0,354.0,189.32,429.61,1,-1,-1,-1
56,1,1349.0,490.0,73.864,167.61,1,-1,-1,-1
57,1,1349.0,490.0,73.864,167.61,1,-1,-1,-1
57,2,579.0,522.0,135.42,307.29,1,-1,-1,-1
58,1,1349.0,490.0,226.74,514.53,1,-1,-1,-1
58,3,604.0,552.0,123.42,280.06,1,-1,-1,-1
59,1,1834.0,231.0,73.864,167.61,1,-1,-1,-1
59,2,1622.0,354.0,189.32,429.61,1,-1,-1,-1
60,1,1421.0,451.0,73.864,167.61,1,-1,-1,-1
60,3,1622.0,354.0,189.32,429.61,1,-1,-1,-1
61,0,1688.0,283.0,123.42,280.06,1,-1,-1,-1
61,1,1282.0,525.0,226.74,514.53,1,-1,-1,-1
62,0,1473.0,623.0,226.74,514.53,1,-1,-1,-1
62,1,1554.0,514.0,123.42,280.06,1,-1,-1,-1
62,2,1349.0,490.0,73.864,167.61,1,-1,-1,-1
62,3,1622.0,354.0,189.32,429.61,1,-1,-1,-1
63,0,1671.0,322.0,207.45,470.74,1,-1,-1,-1
63,3,377.0,463.0,103.17,234.13,1,-1,-1,-1
64,0,1528.0,322.0,207.45,470.74,1,-1,-1,-1
64,1,1702.0,283.0,226.74,514.53,1,-1,-1,-1
64,2,1351.0,476.0,73.864,167.61,1,-1,-1,-1
64,4,1980.0,397.0,207.45,470.74,1,-1,-1,-1
65,2,1348.0,491.0,226.74,514.53,1,-1,-1,-1
65,3,393.0,447.0,103.17,234.13,1,-1,-1,-1
65,4,796.0,741.0,28.302,64.224,1,-1,-1,-1
66,1,1215.0,568.0,73.864,167.61,1,-1,-1,-1
66,2,1814.0,220.0,250.0,567.31,1,-1,-1,-1
66,5,1592.0,353.0,207.45,470.74,1,-1,-1,-1
67,1,1240.0,553.0,73.864,167.61,1,-1,-1,-1
67,2,1535.0,408.0,175.68,398.65,1,-1,-1,-1
67,4,1593.0,354.0,189.32,429.61,1,-1,-1,-1
68,1,1297.0,520.0,73.864,167.61,1,-1,-1,-1
68,3,409.0,447.0,103.17,234.13,1,-1,-1,-1
69,1,1333.0,498.0,73.864,167.61,1,-1,-1,-1
70,0,1680.0,236.0,250.0,567.31,1,-1,-1,-1
70,1,1350.0,489.0,73.864,167.61,1,-1,-1,-1
71,0,1680.0,236.0,207.45,470.74,1,-1,-1,-1
71,1,1353.0,487.0,79.918,181.35,1,-1,-1,-1
71,3,1379.0,513.0,61.514,139.59,1,-1,-1,-1
72,0,1437.0,390.0,73.864,167.61,1,-1,-1,-1
72,1,1339.0,475.0,207.45,470.74,1,-1,-1,-1
72,2,1737.0,191.0,250.0,567.31,1,-1,-1,-1
73,0,1228.0,577.0,207.45,470.74,1,-1,-1,-1
73,1,1532.0,316.0,73.864,167.61,1,-1,-1,-1
73,2,1726.0,199.0,250.0,567.31,1,-1,-1,-1
73,3,728.0,258.0,207.45,470.74,1,-1,-1,-1
74,0,1421.0,408.0,73.864,167.61,1,-1,-1,-1
74,1,1378.0,465.0,207.45,470.74,1,-1,-1,-1
74,2,1702.0,218.0,250.0,567.31,1,-1,-1,-1
74,4,409.0,447.0,103.17,234.13,1,-1,-1,-1
75,0,1322.0,509.0,73.864,167.61,1,-1,-1,-1
75,1,1509.0,344.0,207.45,470.74,1,-1,-1,-1
75,2,799.0,542.0,113.37,257.27,1,-1,-1,-1
75,3,818.0,637.0,250.0,567.31,1,-1,-1,-1
76,0,1496.0,353.0,207.45,470.74,1,-1,-1,-1
76,1,1575.0,318.0,79.918,181.35,1,-1,-1,-1
76,3,759.0,283.0,226.74,514.53,1,-1,-1,-1
77,1,1331.0,487.0,226.74,514.53,1,-1,-1,-1
77,2,1492.0,318.0,226.74,514.53,1,-1,-1,-1
77,4,409.0,447.0,103.17,234.13,1,-1,-1,-1
77,7,889.0,514.0,123.42,280.06,1,-1,-1,-1
78,0,1339.0,480.0,79.918,181.35,1,-1,-1,-1
78,1,1684.0,280.0,226.74,514.53,1,-1,-1,-1
78,3,1372.0,490.0,73.864,167.61,1,-1,-1,-1
79,1,1763.0,229.0,226.74,514.53,1,-1,-1,-1
79,2,1492.0,318.0,250.0,567.31,1,-1,-1,-1
79,4,958.0,670.0,103.17,234.13,1,-1,-1,-1
80,0,1339.0,480.0,226.74,514.53,1,-1,-1,-1
80,1,1516.0,287.0,73.864,167.61,1,-1,-1,-1
80,2,1712.0,254.0,250.0,567.31,1,-1,-1,-1
80,3,1286.0,565.0,103.17,234.13,1,-1,-1,-1
80,4,365.0,420.0,52.0,118.0,1,-1,-1,-1
81,0,1564.0,241.0,73.864,167.61,1,-1,-1,-1
81,1,1496.0,353.0,207.45,470.74,1,-1,-1,-1
81,2,1715.0,253.0,250.0,567.31,1,-1,-1,-1
81,3,-13.0,417.0,52.0,118.0,1,-1,-1,-1
81,4,1463.0,520.0,103.17,234.13,1,-1,-1,-1
82,0,1378.0,465.0,226.74,514.53,1,-1,-1,-1
82,2,1642.0,275.0,250.0,567.31,1,-1,-1,-1
82,3,1150.0,536.0,103.17,234.13,1,-1,-1,-1
82,4,508.0,429.0,52.0,118.0,1,-1,-1,-1
83,0,1462.0,307.0,79.918,181.35,1,-1,-1,-1
83,1,1680.0,275.0,250.0,567.31,1,-1,-1,-1
83,3,376.0,442.0,73.864,167.61,1,-1,-1,-1
83,4,1603.0,236.0,250.0,567.31,1,-1,-1,-1
84,0,1331.0,477.0,79.918,181.35,1,-1,-1,-1
84,2,1656.0,258.0,207.45,470.74,1,-1,-1,-1
84,3,1385.0,475.0,123.42,280.06,1,-1,-1,-1
85,0,1464.0,353.0,207.45,470.74,1,-1,-1,-1
85,1,1339.0,480.0,79.918,181.35,1,-1,-1,-1
85,3,2095.0,592.0,207.45,470.74,1,-1,-1,-1
86,2,1656.0,258.0,207.45,470.74,1,-1,-1,-1
86,3,1026.0,259.0,52.0,118.0,1,-1,-1,-1
86,5,1639.0,582.0,67.474,153.11,1,-1,-1,-1
86,6,99.0,397.0,103.17,234.13,1,-1,-1,-1
87,0,1458.0,318.0,226.74,514.53,1,-1,-1,-1
87,1,1352.0,493.0,73.864,167.61,1,-1,-1,-1
87,2,1656.0,258.0,207.45,470.74,1,-1,-1,-1
87,3,1217.0,510.0,207.45,470.74,1,-1,-1,-1
87,5,1677.0,523.0,135.42,307.29,1,-1,-1,-1
87,6,173.0,418.0,103.17,234.13,1,-1,-1,-1
88,1,1352.0,493.0,73.864,167.61,1,-1,-1,-1
88,2,1656.0,258.0,207.45,470.74,1,-1,-1,-1
88,3,1458.0,318.0,226.74,514.53,1,-1,-1,-1
88,4,1711.0,520.0,146.62,332.71,1,-1,-1,-1
88,5,1998.0,550.0,52.0,118.0,1,-1,-1,-1
88,6,1378.0,510.0,67.474,153.11,1,-1,-1,-1
89,0,1730.0,235.0,73.864,167.61,1,-1,-1,-1
89,1,1350.0,491.0,207.45,470.74,1,-1,-1,-1
89,2,1656.0,258.0,207.45,470.74,1,-1,-1,-1
89,5,1413.0,555.0,52.0,118.0,1,-1,-1,-1
90,0,1265.0,581.0,270.83,614.58,1,-1,-1,-1
90,1,809.0,238.0,207.45,470.74,1,-1,-1,-1
90,3,1423.0,353.0,226.74,514.53,1,-1,-1,-1
90,5,1221.0,551.0,113.37,257.27,1,-1,-1,-1
91,0,1581.0,283.0,207.45,470.74,1,-1,-1,-1
91,1,773.0,202.0,270.83,614.58,1,-1,-1,-1
91,2,1339.0,480.0,79.918,181.35,1,-1,-1,-1
91,5,141.0,413.0,113.37,257.27,1,-1,-1,-1
92,0,827.0,252.0,207.45,470.74,1,-1,-1,-1
92,1,1685.0,192.0,270.83,614.58,1,-1,-1,-1
92,5,1418.0,412.0,189.32,429.61,1,-1,-1,-1
93,0,706.0,263.0,270.83,614.58,1,-1,-1,-1
93,1,1432.0,385.0,207.45,470.74,1,-1,-1,-1
93,3,449.0,438.0,113.37,257.27,1,-1,-1,-1
93,4,123.0,397.0,52.0,118.0,1,-1,-1,-1
94,0,1579.0,234.0,270.83,614.58,1,-1,-1,-1
94,2,449.0,438.0,113.37,257.27,1,-1,-1,-1
94,4,1451.0,562.0,52.0,118.0,1,-1,-1,-1
95,0,1847.0,236.0,270.83,614.58,1,-1,-1,-1
95,1,984.0,290.0,207.45,470.74,1,-1,-1,-1
95,4,1606.0,581.0,52.0,118.0,1,-1,-1,-1
96,0,1798.0,246.0,270.83,614.58,1,-1,-1,-1
96,2,449.0,438.0,113.37,257.27,1,-1,-1,-1
96,4,1499.0,568.0,52.0,118.0,1,-1,-1,-1
97,0,1644.0,252.0,270.83,614.58,1,-1,-1,-1
97,1,1557.0,420.0,113.37,257.27,1,-1,-1,-1
97,4,1073.0,667.0,40.123,91.049,1,-1,-1,-1
98,0,1571.0,254.0,270.83,614.58,1,-1,-1,-1
98,1,154.0,465.0,113.37,257.27,1,-1,-1,-1
98,2,1400.0,385.0,207.45,470.74,1,-1,-1,-1
99,0,1555.0,254.0,270.83,614.58,1,-1,-1,-1
99,1,70.0,474.0,94.66,214.81,1,-1,-1,-1
100,0,1561.0,254.0,270.83,614.58,1,-1,-1,-1
100,1,1091.0,526.0,103.17,234.13,1,-1,-1,-1
100,2,113.0,458.0,113.37,257.27,1,-1,-1,-1
101,0,1570.0,254.0,270.83,614.58,1,-1,-1,-1
101,2,179.0,454.0,207.45,470.74,1,-1,-1,-1
102,0,1576.0,254.0,270.83,614.58,1,-1,-1,-1
102,1,472.0,431.0,103.17,234.13,1,-1,-1,-1
102,2,1520.0,417.0,207.45,470.74,1,-1,-1,-1
102,3,1048.0,290.0,207.45,470.74,1,-1,-1,-1
102,4,1310.0,545.0,52.0,118.0,1,-1,-1,-1
103,2,1732.0,409.0,226.74,514.53,1,-1,-1,-1
103,4,1310.0,545.0,52.0,118.0,1,-1,-1,-1
104,0,1534.0,213.0,270.83,614.58,1,-1,-1,-1
104,1,472.0,431.0,113.37,257.27,1,-1,-1,-1
104,2,1585.0,331.0,250.0,567.31,1,-1,-1,-1
104,3,1310.0,545.0,52.0,118.0,1,-1,-1,-1
104,4,1310.0,545.0,189.32,429.61,1,-1,-1,-1
104,5,329.0,463.0,103.17,234.13,1,-1,-1,-1
105,1,464.0,414.0,113.37,257.27,1,-1,-1,-1
105,2,1408.0,272.0,52.0,118.0,1,-1,-1,-1
105,4,1775.0,414.0,189.32,429.61,1,-1,-1,-1
105,5,329.0,463.0,103.17,234.13,1,-1,-1,-1
106,0,1534.0,213.0,270.83,614.58,1,-1,-1,-1
106,1,464.0,438.0,113.37,257.27,1,-1,-1,-1
106,2,1310.0,545.0,52.0,118.0,1,-1,-1,-1
106,3,1334.0,313.0,250.0,567.31,1,-1,-1,-1
106,4,1841.0,433.0,103.17,234.13,1,-1,-1,-1
106,5,1656.0,417.0,207.45,470.74,1,-1,-1,-1
107,0,1534.0,213.0,270.83,614.58,1,-1,-1,-1
107,1,465.0,443.0,113.37,257.27,1,-1,-1,-1
107,4,329.0,463.0,103.17,234.13,1,-1,-1,-1
108,0,1534.0,213.0,270.83,614.58,1,-1,-1,-1
108,1,466.0,441.0,113.37,257.27,1,-1,-1,-1
109,0,1534.0,213.0,250.0,567.31,1,-1,-1,-1
109,1,467.0,439.0,113.37,257.27,1,-1,-1,-1
110,0,1523.0,194.0,250.0,567.31,1,-1,-1,-1
110,1,467.0,438.0,113.37,257.27,1,-1,-1,-1
111,0,1522.0,238.0,226.74,514.53,1,-1,-1,-1
111,1,467.0,437.0,123.42,280.06,1,-1,-1,-1
112,0,1525.0,263.0,226.74,514.53,1,-1,-1,-1
112,1,447.0,414.0,123.42,280.06,1,-1,-1,-1
113,0,1526.0,262.0,250.0,567.31,1,-1,-1,-1
113,1,444.0,410.0,123.42,280.06,1,-1,-1,-1
114,0,1526.0,239.0,123.42,280.06,1,-1,-1,-1
114,1,446.0,413.0,270.83,614.58,1,-1,-1,-1
115,0,182.0,460.0,270.83,614.58,1,-1,-1,-1
115,1,1750.0,159.0,123.42,280.06,1,-1,-1,-1
116,0,1281.0,237.0,250.0,567.31,1,-1,-1,-1
116,1,646.0,380.0,123.42,280.06,1,-1,-1,-1
117,0,1320.0,294.0,270.83,614.58,1,-1,-1,-1
117,1,272.0,454.0,270.83,614.58,1,-1,-1,-1
117,2,451.0,419.0,123.42,280.06,1,-1,-1,-1
118,0,1255.0,296.0,270.83,614.58,1,-1,-1,-1
118,1,1569.0,198.0,270.83,614.58,1,-1,-1,-1
119,0,1211.0,296.0,250.0,567.31,1,-1,-1,-1
119,1,1855.0,141.0,250.0,567.31,1,-1,-1,-1
119,2,451.0,419.0,123.42,280.06,1,-1,-1,-1
120,0,1181.0,313.0,250.0,567.31,1,-1,-1,-1
120,1,1739.0,144.0,250.0,567.31,1,-1,-1,-1
120,2,451.0,419.0,123.42,280.06,1,-1,-1,-1
121,1,1585.0,171.0,270.83,614.58,1,-1,-1,-1
121,2,1492.0,213.0,226.74,514.53,1,-1,-1,-1
122,0,1450.0,198.0,250.0,567.31,1,-1,-1,-1
122,1,1085.0,314.0,270.83,614.58,1,-1,-1,-1
122,3,1831.0,383.0,94.66,214.81,1,-1,-1,-1
123,1,996.0,340.0,270.83,614.58,1,-1,-1,-1
123,2,1158.0,296.0,270.83,614.58,1,-1,-1,-1
123,3,1800.0,390.0,159.84,362.7,1,-1,-1,-1
124,0,73.0,502.0,250.0,567.31,1,-1,-1,-1
124,1,1420.0,168.0,113.37,257.27,1,-1,-1,-1
124,3,1684.0,396.0,94.66,214.81,1,-1,-1,-1
124,4,329.0,478.0,103.17,234.13,1,-1,-1,-1
125,0,1614.0,161.0,123.42,280.06,1,-1,-1,-1
125,1,289.0,438.0,250.0,567.31,1,-1,-1,-1
126,0,1215.0,500.0,189.32,429.61,1,-1,-1,-1
126,1,1337.0,218.0,113.37,257.27,1,-1,-1,-1
126,2,1450.0,171.0,270.83,614.58,1,-1,-1,-1
127,1,404.0,431.0,270.83,614.58,1,-1,-1,-1
128,0,449.0,420.0,113.37,257.27,1,-1,-1,-1
128,1,1079.0,376.0,270.83,614.58,1,-1,-1,-1
128,2,1409.0,171.0,270.83,614.58,1,-1,-1,-1
129,1,100.0,490.0,113.37,257.27,1,-1,-1,-1
129,5,1643.0,273.0,146.62,332.71,1,-1,-1,-1
130,0,1478.0,234.0,33.737,76.557,1,-1,-1,-1
130,3,554.0,364.0,123.42,280.06,1,-1,-1,-1
131,1,1409.0,213.0,270.83,614.58,1,-1,-1,-1
131,3,532.0,399.0,123.42,280.06,1,-1,-1,-1
132,0,432.0,400.0,123.42,280.06,1,-1,-1,-1
132,3,1382.0,529.0,52.0,118.0,1,-1,-1,-1
132,5,1621.0,273.0,146.62,332.71,1,-1,-1,-1
133,1,1040.0,458.0,123.42,280.06,1,-1,-1,-1
133,2,0.0,475.0,250.0,567.31,1,-1,-1,-1
134,0,433.0,395.0,123.42,280.06,1,-1,-1,-1
134,1,-153.0,514.0,250.0,567.31,1,-1,-1,-1
134,2,1272.0,399.0,123.42,280.06,1,-1,-1,-1
134,3,1367.0,171.0,270.83,614.58,1,-1,-1,-1
135,0,431.0,400.0,123.42,280.06,1,-1,-1,-1
135,1,1142.0,391.0,250.0,567.31,1,-1,-1,-1
135,2,335.0,444.0,123.42,280.06,1,-1,-1,-1
136,0,431.0,401.0,146.62,332.71,1,-1,-1,-1
136,2,1075.0,379.0,270.83,614.58,1,-1,-1,-1
136,3,1367.0,171.0,270.83,614.58,1,-1,-1,-1
137,0,1643.0,664.0,270.83,614.58,1,-1,-1,-1
137,1,433.0,397.0,135.42,307.29,1,-1,-1,-1
137,3,1305.0,171.0,146.62,332.71,1,-1,-1,-1
138,0,1726.0,152.0,270.83,614.58,1,-1,-1,-1
138,3,1396.0,750.0,159.84,362.7,1,-1,-1,-1
139,0,1546.0,34.0,270.83,614.58,1,-1,-1,-1
139,1,433.0,397.0,135.42,307.29,1,-1,-1,-1
139,3,1108.0,492.0,226.74,514.53,1,-1,-1,-1
140,0,1390.0,73.0,270.83,614.58,1,-1,-1,-1
140,1,433.0,397.0,123.42,280.06,1,-1,-1,-1
141,0,1318.0,131.0,270.83,614.58,1,-1,-1,-1
141,1,431.0,400.0,226.74,514.53,1,-1,-1,-1
141,3,432.0,400.0,123.42,280.06,1,-1,-1,-1
142,0,1304.0,166.0,270.83,614.58,1,-1,-1,-1
142,1,1239.0,517.0,135.42,307.29,1,-1,-1,-1
142,5,33.0,590.0,123.42,280.06,1,-1,-1,-1
143,0,1259.0,177.0,270.83,614.58,1,-1,-1,-1
143,1,395.0,440.0,207.45,470.74,1,-1,-1,-1
143,3,432.0,426.0,123.42,280.06,1,-1,-1,-1
144,0,1260.0,176.0,270.83,614.58,1,-1,-1,-1
144,1,1466.0,567.0,207.45,470.74,1,-1,-1,-1
144,3,432.0,396.0,135.42,307.29,1,-1,-1,-1
144,4,1033.0,379.0,270.83,614.58,1,-1,-1,-1
145,0,1272.0,173.0,270.83,614.58,1,-1,-1,-1
145,1,1685.0,587.0,123.42,280.06,1,-1,-1,-1
145,3,1353.0,527.0,226.74,514.53,1,-1,-1,-1
146,0,1281.0,171.0,123.42,280.06,1,-1,-1,-1
146,1,411.0,390.0,270.83,614.58,1,-1,-1,-1
146,4,908.0,379.0,270.83,614.58,1,-1,-1,-1
147,0,219.0,457.0,270.83,614.58,1,-1,-1,-1
147,1,1168.0,59.0,123.42,280.06,1,-1,-1,-1
147,2,308.0,418.0,135.42,307.29,1,-1,-1,-1
147,3,1814.0,533.0,30.903,70.127,1,-1,-1,-1
148,0,1125.0,213.0,123.42,280.06,1,-1,-1,-1
148,1,350.0,319.0,250.0,567.31,1,-1,-1,-1
148,2,308.0,418.0,270.83,614.58,1,-1,-1,-1
148,4,1810.0,533.0,30.903,70.127,1,-1,-1,-1
149,0,366.0,417.0,123.42,280.06,1,-1,-1,-1
149,1,-317.0,315.0,270.83,614.58,1,-1,-1,-1
149,2,1541.0,91.0,146.62,332.71,1,-1,-1,-1
149,3,29.0,313.0,250.0,567.31,1,-1,-1,-1
150,0,209.0,459.0,135.42,307.29,1,-1,-1,-1
150,1,1205.0,135.0,270.83,614.58,1,-1,-1,-1
150,2,460.0,358.0,146.62,332.71,1,-1,-1,-1
150,4,198.0,520.0,146.62,332.71,1,-1,-1,-1
151,0,282.0,436.0,123.42,280.06,1,-1,-1,-1
151,1,1604.0,108.0,270.83,614.58,1,-1,-1,-1
151,2,288.0,408.0,146.62,332.71,1,-1,-1,-1
152,0,374.0,414.0,135.42,307.29,1,-1,-1,-1
152,1,1806.0,521.0,36.723,83.333,1,-1,-1,-1
153,0,427.0,398.0,135.42,307.29,1,-1,-1,-1
154,0,443.0,393.0,250.0,567.31,1,-1,-1,-1
155,0,128.0,289.0,250.0,567.31,1,-1,-1,-1
156,0,76.0,274.0,36.723,83.333,1,-1,-1,-1
156,2,426.0,395.0,270.83,614.58,1,-1,-1,-1
157,0,2146.0,550.0,135.42,307.29,1,-1,-1,-1
157,1,1271.0,141.0,47.794,108.46,1,-1,-1,-1
157,2,874.0,506.0,250.0,567.31,1,-1,-1,-1
158,0,803.0,449.0,226.74,514.53,1,-1,-1,-1
159,0,20.0,299.0,250.0,567.31,1,-1,-1,-1
159,1,1244.0,617.0,189.32,429.61,1,-1,-1,-1
159,2,446.0,385.0,146.62,332.71,1,-1,-1,-1
160,0,-86.0,217.0,146.62,332.71,1,-1,-1,-1
161,0,259.0,313.0,250.0,567.31,1,-1,-1,-1
163,0,298.0,313.0,250.0,567.31,1,-1,-1,-1
165,0,375.0,318.0,226.74,514.53,1,-1,-1,-1
166,1,408.0,353.0,207.45,470.74,1,-1,-1,-1
167,0,1787.0,557.0,73.864,167.61,1,-1,-1,-1
167,2,1801.0,493.0,47.794,108.46,1,-1,-1,-1
168,0,1708.0,560.0,79.918,181.35,1,-1,-1,-1
168,1,452.0,353.0,207.45,470.74,1,-1,-1,-1
169,0,1395.0,502.0,73.864,167.61,1,-1,-1,-1
169,1,1372.0,490.0,73.864,167.61,1,-1,-1,-1
169,2,1845.0,510.0,28.302,64.224,1,-1,-1,-1
170,3,487.0,354.0,189.32,429.61,1,-1,-1,-1
171,0,1395.0,502.0,73.864,167.61,1,-1,-1,-1
173,4,1016.0,608.0,207.45,470.74,1,-1,-1,-1
175,1,1575.0,510.0,67.474,153.11,1,-1,-1,-1
176,0,1395.0,490.0,73.864,167.61,1,-1,-1,-1
176,2,1245.0,565.0,56.686,128.63,1,-1,-1,-1
176,3,-192.0,395.0,36.723,83.333,1,-1,-1,-1
176,4,356.0,430.0,146.62,332.71,1,-1,-1,-1
177,1,1535.0,381.0,123.42,280.06,1,-1,-1,-1
177,2,1261.0,562.0,56.686,128.63,1,-1,-1,-1
177,3,1848.0,505.0,30.903,70.127,1,-1,-1,-1
178,0,1406.0,502.0,73.864,167.61,1,-1,-1,-1
178,2,1299.0,555.0,56.686,128.63,1,-1,-1,-1
178,4,1806.0,521.0,36.723,83.333,1,-1,-1,-1
179,1,1535.0,381.0,56.686,128.63,1,-1,-1,-1
179,2,1334.0,551.0,113.37,257.27,1,-1,-1,-1
180,0,1410.0,513.0,67.474,153.11,1,-1,-1,-1
180,1,1250.0,629.0,123.42,280.06,1,-1,-1,-1
180,2,1605.0,366.0,56.686,128.63,1,-1,-1,-1
181,0,1409.0,512.0,73.864,167.61,1,-1,-1,-1
181,1,1527.0,409.0,123.42,280.06,1,-1,-1,-1
181,2,1385.0,522.0,56.686,128.63,1,-1,-1,-1
182,0,1405.0,500.0,67.474,153.11,1,-1,-1,-1
182,1,1598.0,349.0,113.37,257.27,1,-1,-1,-1
182,2,1309.0,575.0,36.723,83.333,1,-1,-1,-1
183,0,1408.0,496.0,73.864,167.61,1,-1,-1,-1
183,1,1609.0,378.0,113.37,257.27,1,-1,-1,-1
183,2,1886.0,539.0,56.686,128.63,1,-1,-1,-1
183,3,1801.0,513.0,40.123,91.049,1,-1,-1,-1
184,0,1405.0,499.0,73.864,167.61,1,-1,-1,-1
184,1,1591.0,397.0,56.686,128.63,1,-1,-1,-1
184,2,1421.0,557.0,123.42,280.06,1,-1,-1,-1
185,0,1406.0,490.0,73.864,167.61,1,-1,-1,-1
185,1,1304.0,588.0,56.686,128.63,1,-1,-1,-1
185,2,1547.0,347.0,123.42,280.06,1,-1,-1,-1
186,1,1256.0,617.0,123.42,280.06,1,-1,-1,-1
186,2,1591.0,311.0,56.686,128.63,1,-1,-1,-1
186,3,1806.0,521.0,36.723,83.333,1,-1,-1,-1
187,1,1568.0,379.0,123.42,280.06,1,-1,-1,-1
187,2,1325.0,548.0,56.686,128.63,1,-1,-1,-1
188,1,1649.0,320.0,175.68,398.65,1,-1,-1,-1
188,2,1276.0,608.0,123.42,280.06,1,-1,-1,-1
189,1,1573.0,381.0,123.42,280.06,1,-1,-1,-1
189,2,68.0,249.0,159.84,362.7,1,-1,-1,-1
189,3,1359.0,550.0,56.686,128.63,1,-1,-1,-1
191,0,1410.0,482.0,87.838,199.32,1,-1,-1,-1
191,1,1599.0,399.0,103.17,234.13,1,-1,-1,-1
191,2,507.0,381.0,175.68,398.65,1,-1,-1,-1
191,4,1451.0,440.0,94.66,214.81,1,-1,-1,-1
192,0,1416.0,474.0,87.838,199.32,1,-1,-1,-1
194,1,1602.0,385.0,113.37,257.27,1,-1,-1,-1
194,4,480.0,408.0,175.68,398.65,1,-1,-1,-1
196,1,1602.0,385.0,67.474,153.11,1,-1,-1,-1
196,5,1684.0,396.0,94.66,214.81,1,-1,-1,-1
197,0,1422.0,469.0,94.66,214.81,1,-1,-1,-1
197,1,1272.0,599.0,270.83,614.58,1,-1,-1,-1
197,2,1372.0,524.0,73.864,167.61,1,-1,-1,-1
198,1,198.0,213.0,270.83,614.58,1,-1,-1,-1
198,5,1472.0,415.0,103.17,234.13,1,-1,-1,-1
199,0,1422.0,469.0,103.17,234.13,1,-1,-1,-1
200,0,1401.0,436.0,94.66,214.81,1,-1,-1,-1
200,1,259.0,236.0,250.0,567.31,1,-1,-1,-1
200,4,1810.0,530.0,33.737,76.557,1,-1,-1,-1
201,0,1419.0,465.0,87.838,199.32,1,-1,-1,-1
202,0,1434.0,496.0,94.66,214.81,1,-1,-1,-1
202,1,1611.0,381.0,123.42,280.06,1,-1,-1,-1
202,3,1938.0,549.0,270.83,614.58,1,-1,-1,-1
202,4,1399.0,531.0,67.474,153.11,1,-1,-1,-1
203,0,1443.0,476.0,94.66,214.81,1,-1,-1,-1
203,3,-513.0,150.0,103.17,234.13,1,-1,-1,-1
204,0,1436.0,469.0,94.66,214.81,1,-1,-1,-1
204,1,1630.0,399.0,103.17,234.13,1,-1,-1,-1
204,3,1472.0,447.0,103.17,234.13,1,-1,-1,-1
204,4,1399.0,521.0,67.474,153.11,1,-1,-1,-1
205,5,1806.0,521.0,36.723,83.333,1,-1,-1,-1
205,7,1535.0,415.0,103.17,234.13,1,-1,-1,-1
206,0,1440.0,447.0,103.17,234.13,1,-1,-1,-1
206,3,1806.0,521.0,36.723,83.333,1,-1,-1,-1
206,4,1472.0,463.0,103.17,234.13,1,-1,-1,-1
207,1,1654.0,385.0,113.37,257.27,1,-1,-1,-1
207,2,1408.0,463.0,103.17,234.13,1,-1,-1,-1
207,6,1472.0,431.0,103.17,234.13,1,-1,-1,-1
208,0,1440.0,447.0,113.37,257.27,1,-1,-1,-1
208,3,1806.0,521.0,36.723,83.333,1,-1,-1,-1
209,0,1420.0,433.0,103.17,234.13,1,-1,-1,-1
209,1,1654.0,385.0,113.37,257.27,1,-1,-1,-1
209,3,1406.0,524.0,73.864,167.61,1,-1,-1,-1
210,0,1437.0,445.0,103.17,234.13,1,-1,-1,-1
210,1,633.0,354.0,189.32,429.61,1,-1,-1,-1
211,0,1442.0,448.0,103.17,234.13,1,-1,-1,-1
211,3,935.0,545.0,28.302,64.224,1,-1,-1,-1
212,0,1442.0,448.0,113.37,257.27,1,-1,-1,-1
212,1,559.0,273.0,146.62,332.71,1,-1,-1,-1
212,4,1417.0,524.0,73.864,167.61,1,-1,-1,-1
212,6,946.0,476.0,123.42,280.06,1,-1,-1,-1
213,0,1446.0,436.0,113.37,257.27,1,-1,-1,-1
213,5,1799.0,509.0,40.123,91.049,1,-1,-1,-1
214,0,1446.0,434.0,113.37,257.27,1,-1,-1,-1
214,3,1806.0,521.0,36.723,83.333,1,-1,-1,-1
214,4,897.0,249.0,135.42,307.29,1,-1,-1,-1
214,5,1799.0,510.0,73.864,167.61,1,-1,-1,-1
215,0,1444.0,435.0,113.37,257.27,1,-1,-1,-1
215,2,1680.0,404.0,270.83,614.58,1,-1,-1,-1
215,4,798.0,462.0,36.723,83.333,1,-1,-1,-1
215,5,1293.0,526.0,73.864,167.61,1,-1,-1,-1
216,0,1444.0,437.0,113.37,257.27,1,-1,-1,-1
216,2,-6.0,189.0,270.83,614.58,1,-1,-1,-1
216,4,1982.0,577.0,36.723,83.333,1,-1,-1,-1
216,5,1244.0,528.0,175.68,398.65,1,-1,-1,-1
217,0,1444.0,438.0,113.37,257.27,1,-1,-1,-1
217,2,27.0,185.0,270.83,614.58,1,-1,-1,-1
217,3,976.0,460.0,135.42,307.29,1,-1,-1,-1
217,4,2149.0,575.0,103.17,234.13,1,-1,-1,-1
217,5,1069.0,325.0,189.32,429.61,1,-1,-1,-1
218,1,1678.0,399.0,250.0,567.31,1,-1,-1,-1
218,2,1678.0,399.0,103.17,234.13,1,-1,-1,-1
218,4,976.0,460.0,135.42,307.29,1,-1,-1,-1
218,6,1102.0,354.0,175.68,398.65,1,-1,-1,-1
219,0,1462.0,438.0,113.37,257.27,1,-1,-1,-1
219,1,98.0,216.0,250.0,567.31,1,-1,-1,-1
219,3,1678.0,399.0,103.17,234.13,1,-1,-1,-1
219,5,472.0,322.0,207.45,470.74,1,-1,-1,-1
220,1,79.0,214.0,103.17,234.13,1,-1,-1,-1
220,2,605.0,275.0,250.0,567.31,1,-1,-1,-1
220,6,1806.0,515.0,36.723,83.333,1,-1,-1,-1
221,0,1462.0,438.0,113.37,257.27,1,-1,-1,-1
221,1,1692.0,398.0,250.0,567.31,1,-1,-1,-1
221,3,1599.0,415.0,103.17,234.13,1,-1,-1,-1
222,0,1462.0,438.0,113.37,257.27,1,-1,-1,-1
222,1,769.0,288.0,250.0,567.31,1,-1,-1,-1
222,2,2084.0,445.0,103.17,234.13,1,-1,-1,-1
222,6,504.0,322.0,207.45,470.74,1,-1,-1,-1
223,0,1462.0,438.0,250.0,567.31,1,-1,-1,-1
223,1,475.0,254.0,113.37,257.27,1,-1,-1,-1
223,2,2008.0,437.0,103.17,234.13,1,-1,-1,-1
224,0,480.0,232.0,250.0,567.31,1,-1,-1,-1
224,1,1462.0,438.0,113.37,257.27,1,-1,-1,-1
224,2,1678.0,399.0,103.17,234.13,1,-1,-1,-1
224,6,548.0,322.0,43.624,98.993,1,-1,-1,-1
225,0,682.0,275.0,250.0,567.31,1,-1,-1,-1
225,6,282.0,296.0,270.83,614.58,1,-1,-1,-1
226,1,1495.0,469.0,94.66,214.81,1,-1,-1,-1
226,2,1710.0,399.0,103.17,234.13,1,-1,-1,-1
226,4,1811.0,635.0,67.474,153.11,1,-1,-1,-1
226,8,1059.0,439.0,135.42,307.29,1,-1,-1,-1
227,0,724.0,283.0,226.74,514.53,1,-1,-1,-1
227,4,1760.0,618.0,146.62,332.71,1,-1,-1,-1
228,1,1485.0,460.0,207.45,470.74,1,-1,-1,-1
228,2,1710.0,399.0,270.83,614.58,1,-1,-1,-1
228,4,1211.0,342.0,270.83,614.58,1,-1,-1,-1
228,8,875.0,430.0,146.62,332.71,1,-1,-1,-1
229,0,1504.0,463.0,103.17,234.13,1,-1,-1,-1
229,1,414.0,206.0,226.74,514.53,1,-1,-1,-1
229,2,323.0,296.0,270.83,614.58,1,-1,-1,-1
229,3,1710.0,399.0,103.17,234.13,1,-1,-1,-1
229,4,1471.0,552.0,67.474,153.11,1,-1,-1,-1
230,1,758.0,275.0,250.0,567.31,1,-1,-1,-1
230,8,407.0,338.0,270.83,614.58,1,-1,-1,-1
231,0,1504.0,463.0,113.37,257.27,1,-1,-1,-1
231,3,1726.0,399.0,103.17,234.13,1,-1,-1,-1
231,4,407.0,338.0,270.83,614.58,1,-1,-1,-1
232,0,1493.0,426.0,113.37,257.27,1,-1,-1,-1
232,1,1726.0,399.0,103.17,234.13,1,-1,-1,-1
233,0,1493.0,425.0,113.37,257.27,1,-1,-1,-1
233,3,797.0,275.0,250.0,567.31,1,-1,-1,-1
233,4,291.0,280.0,270.83,614.58,1,-1,-1,-1
234,0,1495.0,431.0,113.37,257.27,1,-1,-1,-1
234,1,407.0,338.0,270.83,614.58,1,-1,-1,-1
234,2,2247.0,437.0,103.17,234.13,1,-1,-1,-1
234,4,297.0,283.0,270.83,614.58,1,-1,-1,-1
235,0,1496.0,436.0,113.37,257.27,1,-1,-1,-1
235,2,2153.0,415.0,226.74,514.53,1,-1,-1,-1
235,3,1742.0,399.0,103.17,234.13,1,-1,-1,-1
235,4,490.0,296.0,270.83,614.58,1,-1,-1,-1
235,7,1479.0,455.0,113.37,257.27,1,-1,-1,-1
236,0,1518.0,438.0,113.37,257.27,1,-1,-1,-1
236,2,730.0,250.0,226.74,514.53,1,-1,-1,-1
236,6,1036.0,275.0,103.17,234.13,1,-1,-1,-1
237,0,1514.0,438.0,113.37,257.27,1,-1,-1,-1
237,1,1757.0,399.0,103.17,234.13,1,-1,-1,-1
237,2,476.0,231.0,270.83,614.58,1,-1,-1,-1
237,3,-98.0,257.0,226.74,514.53,1,-1,-1,-1
237,4,1237.0,363.0,146.62,332.71,1,-1,-1,-1
237,6,1761.0,365.0,207.45,470.74,1,-1,-1,-1
238,2,164.0,268.0,226.74,514.53,1,-1,-1,-1
238,3,668.0,245.0,270.83,614.58,1,-1,-1,-1
238,6,689.0,283.0,226.74,514.53,1,-1,-1,-1
239,0,1538.0,483.0,94.66,214.81,1,-1,-1,-1
239,1,528.0,313.0,250.0,567.31,1,-1,-1,-1
239,2,864.0,283.0,226.74,514.53,1,-1,-1,-1
239,3,345.0,278.0,103.17,234.13,1,-1,-1,-1
239,5,1181.0,583.0,67.474,153.11,1,-1,-1,-1
240,3,1972.0,423.0,103.17,234.13,1,-1,-1,-1
240,6,1146.0,385.0,146.62,332.71,1,-1,-1,-1
241,1,532.0,296.0,270.83,614.58,1,-1,-1,-1
241,3,2240.0,446.0,103.17,234.13,1,-1,-1,-1
241,5,759.0,283.0,226.74,514.53,1,-1,-1,-1
242,0,532.0,296.0,270.83,614.58,1,-1,-1,-1
242,3,2058.0,428.0,103.17,234.13,1,-1,-1,-1
243,1,1888.0,465.0,123.42,280.06,1,-1,-1,-1
243,3,1873.0,409.0,226.74,514.53,1,-1,-1,-1
243,6,778.0,296.0,189.32,429.61,1,-1,-1,-1
244,0,526.0,319.0,250.0,567.31,1,-1,-1,-1
244,1,1818.0,456.0,207.45,470.74,1,-1,-1,-1
244,2,2081.0,442.0,103.17,234.13,1,-1,-1,-1
244,3,1516.0,419.0,123.42,280.06,1,-1,-1,-1
245,0,934.0,283.0,226.74,514.53,1,-1,-1,-1
245,1,914.0,266.0,250.0,567.31,1,-1,-1,-1
245,2,1553.0,483.0,94.66,214.81,1,-1,-1,-1
246,1,207.0,266.0,103.17,234.13,1,-1,-1,-1
246,3,566.0,313.0,250.0,567.31,1,-1,-1,-1
246,5,1291.0,380.0,250.0,567.31,1,-1,-1,-1
247,0,969.0,283.0,226.74,514.53,1,-1,-1,-1
247,1,1731.0,396.0,103.17,234.13,1,-1,-1,-1
247,2,1516.0,419.0,123.42,280.06,1,-1,-1,-1
247,5,397.0,287.0,146.62,332.71,1,-1,-1,-1
248,1,2123.0,430.0,123.42,280.06,1,-1,-1,-1
248,3,725.0,313.0,103.17,234.13,1,-1,-1,-1
248,5,1177.0,350.0,146.62,332.71,1,-1,-1,-1
249,0,989.0,292.0,250.0,567.31,1,-1,-1,-1
249,1,984.0,322.0,207.45,470.74,1,-1,-1,-1
249,2,418.0,272.0,123.42,280.06,1,-1,-1,-1
249,3,2323.0,439.0,103.17,234.13,1,-1,-1,-1
249,5,1278.0,397.0,146.62,332.71,1,-1,-1,-1
250,0,655.0,326.0,103.17,234.13,1,-1,-1,-1
250,2,1674.0,436.0,226.74,514.53,1,-1,-1,-1
250,3,2324.0,441.0,250.0,567.31,1,-1,-1,-1
250,5,1287.0,402.0,175.68,398.65,1,-1,-1,-1
251,0,1989.0,438.0,103.17,234.13,1,-1,-1,-1
251,1,758.0,313.0,250.0,567.31,1,-1,-1,-1
251,2,1117.0,275.0,226.74,514.53,1,-1,-1,-1
251,3,740.0,313.0,113.37,257.27,1,-1,-1,-1
251,5,910.0,356.0,113.37,257.27,1,-1,-1,-1
252,0,2169.0,443.0,250.0,567.31,1,-1,-1,-1
252,2,946.0,245.0,103.17,234.13,1,-1,-1,-1
252,3,1362.0,438.0,113.37,257.27,1,-1,-1,-1
252,5,1614.0,469.0,113.37,257.27,1,-1,-1,-1
252,6,1214.0,385.0,52.0,118.0,1,-1,-1,-1
253,0,748.0,315.0,250.0,567.31,1,-1,-1,-1
253,1,1113.0,281.0,103.17,234.13,1,-1,-1,-1
253,2,1894.0,401.0,189.32,429.61,1,-1,-1,-1
253,3,1602.0,469.0,113.37,257.27,1,-1,-1,-1
253,4,655.0,353.0,226.74,514.53,1,-1,-1,-1
253,5,1767.0,490.0,113.37,257.27,1,-1,-1,-1
253,6,1757.0,415.0,103.17,234.13,1,-1,-1,-1
253,7,1214.0,385.0,146.62,332.71,1,-1,-1,-1
254,0,399.0,282.0,103.17,234.13,1,-1,-1,-1
254,1,2233.0,443.0,226.74,514.53,1,-1,-1,-1
254,2,1153.0,346.0,207.45,470.74,1,-1,-1,-1
254,3,1627.0,461.0,113.37,257.27,1,-1,-1,-1
254,5,1252.0,634.0,36.723,83.333,1,-1,-1,-1
255,0,1780.0,396.0,250.0,567.31,1,-1,-1,-1
255,1,891.0,342.0,103.17,234.13,1,-1,-1,-1
255,2,921.0,318.0,207.45,470.74,1,-1,-1,-1
255,3,1585.0,447.0,113.37,257.27,1,-1,-1,-1
255,4,1567.0,455.0,113.37,257.27,1,-1,-1,-1
255,6,1416.0,551.0,61.514,139.59,1,-1,-1,-1
256,0,889.0,319.0,250.0,567.31,1,-1,-1,-1
256,1,1814.0,411.0,103.17,234.13,1,-1,-1,-1
256,2,926.0,313.0,113.37,257.27,1,-1,-1,-1
256,3,1548.0,439.0,207.45,470.74,1,-1,-1,-1
256,5,1420.0,550.0,56.686,128.63,1,-1,-1,-1
257,0,668.0,296.0,250.0,567.31,1,-1,-1,-1
257,1,2025.0,422.0,207.45,470.74,1,-1,-1,-1
257,2,1593.0,461.0,113.37,257.27,1,-1,-1,-1
257,3,485.0,330.0,103.17,234.13,1,-1,-1,-1
257,4,1080.0,322.0,207.45,470.74,1,-1,-1,-1
257,7,1420.0,550.0,56.686,128.63,1,-1,-1,-1
258,0,696.0,299.0,207.45,470.74,1,-1,-1,-1
258,1,592.0,355.0,250.0,567.31,1,-1,-1,-1
258,2,1729.0,486.0,159.84,362.7,1,-1,-1,-1
258,3,1691.0,371.0,103.17,234.13,1,-1,-1,-1
258,5,1670.0,419.0,67.474,153.11,1,-1,-1,-1
258,6,1430.0,561.0,52.0,118.0,1,-1,-1,-1
259,0,638.0,356.0,250.0,567.31,1,-1,-1,-1
259,1,460.0,287.0,207.45,470.74,1,-1,-1,-1
259,2,1127.0,323.0,159.84,362.7,1,-1,-1,-1
259,3,2041.0,395.0,113.37,257.27,1,-1,-1,-1
259,5,1191.0,635.0,67.474,153.11,1,-1,-1,-1
260,0,851.0,319.0,207.45,470.74,1,-1,-1,-1
260,1,1126.0,322.0,159.84,362.7,1,-1,-1,-1
260,2,994.0,282.0,250.0,567.31,1,-1,-1,-1
260,3,1681.0,452.0,113.37,257.27,1,-1,-1,-1
260,6,1372.0,376.0,135.42,307.29,1,-1,-1,-1
261,0,773.0,356.0,207.45,470.74,1,-1,-1,-1
261,2,711.0,280.0,226.74,514.53,1,-1,-1,-1
261,3,1516.0,459.0,94.66,214.81,1,-1,-1,-1
261,5,1646.0,478.0,103.17,234.13,1,-1,-1,-1
262,0,747.0,364.0,207.45,470.74,1,-1,-1,-1
262,1,1535.0,463.0,103.17,234.13,1,-1,-1,-1
262,2,753.0,346.0,94.66,214.81,1,-1,-1,-1
262,3,1836.0,415.0,226.74,514.53,1,-1,-1,-1
262,8,1372.0,376.0,135.42,307.29,1,-1,-1,-1
263,0,747.0,360.0,207.45,470.74,1,-1,-1,-1
263,2,1981.0,437.0,226.74,514.53,1,-1,-1,-1
263,3,804.0,330.0,79.918,181.35,1,-1,-1,-1
263,4,1106.0,320.0,207.45,470.74,1,-1,-1,-1
263,5,1829.0,410.0,94.66,214.81,1,-1,-1,-1
264,0,793.0,355.0,207.45,470.74,1,-1,-1,-1
264,2,912.0,313.0,250.0,567.31,1,-1,-1,-1
264,3,1532.0,540.0,207.45,470.74,1,-1,-1,-1
264,4,1107.0,321.0,94.66,214.81,1,-1,-1,-1
265,0,804.0,353.0,113.37,257.27,1,-1,-1,-1
265,1,792.0,353.0,207.45,470.74,1,-1,-1,-1
265,3,1144.0,322.0,207.45,470.74,1,-1,-1,-1
265,4,1683.0,529.0,79.918,181.35,1,-1,-1,-1
265,5,1627.0,574.0,94.66,214.81,1,-1,-1,-1
265,6,1429.0,536.0,73.864,167.61,1,-1,-1,-1
266,0,1725.0,458.0,207.45,470.74,1,-1,-1,-1
266,5,1852.0,390.0,94.66,214.81,1,-1,-1,-1
267,0,974.0,368.0,226.74,514.53,1,-1,-1,-1
267,1,824.0,353.0,207.45,470.74,1,-1,-1,-1
267,3,1183.0,327.0,175.68,398.65,1,-1,-1,-1
267,5,1879.0,369.0,40.123,91.049,1,-1,-1,-1
267,6,1402.0,381.0,123.42,280.06,1,-1,-1,-1
267,7,1039.0,353.0,226.74,514.53,1,-1,-1,-1
268,0,892.0,294.0,113.37,257.27,1,-1,-1,-1
268,5,1112.0,353.0,207.45,470.74,1,-1,-1,-1
269,0,1614.0,437.0,113.37,257.27,1,-1,-1,-1
269,3,1016.0,353.0,207.45,470.74,1,-1,-1,-1
269,6,1389.0,374.0,135.42,307.29,1,-1,-1,-1
269,7,1694.0,415.0,103.17,234.13,1,-1,-1,-1
270,0,1532.0,438.0,113.37,257.27,1,-1,-1,-1
270,2,1016.0,353.0,207.45,470.74,1,-1,-1,-1
270,5,1829.0,410.0,94.66,214.81,1,-1,-1,-1
270,6,1112.0,353.0,207.45,470.74,1,-1,-1,-1
271,7,1349.0,483.0,94.66,214.81,1,-1,-1,-1
272,0,1048.0,353.0,207.45,470.74,1,-1,-1,-1
272,2,1727.0,470.0,113.37,257.27,1,-1,-1,-1
272,3,888.0,353.0,207.45,470.74,1,-1,-1,-1
272,6,1427.0,385.0,113.37,257.27,1,-1,-1,-1
273,2,1549.0,438.0,113.37,257.27,1,-1,-1,-1
273,5,1427.0,385.0,113.37,257.27,1,-1,-1,-1
274,0,1080.0,353.0,207.45,470.74,1,-1,-1,-1
274,1,1572.0,505.0,79.918,181.35,1,-1,-1,-1
275,2,1215.0,325.0,189.32,429.61,1,-1,-1,-1
275,3,924.0,383.0,189.32,429.61,1,-1,-1,-1
276,0,1080.0,353.0,207.45,470.74,1,-1,-1,-1
276,5,1440.0,381.0,123.42,280.06,1,-1,-1,-1
277,2,1247.0,335.0,135.42,307.29,1,-1,-1,-1
277,3,920.0,353.0,207.45,470.74,1,-1,-1,-1
278,0,1112.0,353.0,207.45,470.74,1,-1,-1,-1
279,2,1567.0,438.0,113.37,257.27,1,-1,-1,-1
280,0,1112.0,353.0,207.45,470.74,1,-1,-1,-1
280,1,1599.0,524.0,73.864,167.61,1,-1,-1,-1
281,0,1159.0,353.0,207.45,470.74,1,-1,-1,-1
281,2,1592.0,501.0,87.838,199.32,1,-1,-1,-1
282,0,1159.0,353.0,207.45,470.74,1,-1,-1,-1
282,1,1208.0,322.0,207.45,470.74,1,-1,-1,-1
283,0,1152.0,353.0,207.45,470.74,1,-1,-1,-1
283,2,751.0,298.0,207.45,470.74,1,-1,-1,-1
284,0,1186.0,353.0,207.45,470.74,1,-1,-1,-1
284,1,936.0,366.0,175.68,398.65,1,-1,-1,-1
284,2,985.0,261.0,207.45,470.74,1,-1,-1,-1
284,3,1112.0,322.0,207.45,470.74,1,-1,-1,-1
285,0,1176.0,353.0,207.45,470.74,1,-1,-1,-1
285,1,1021.0,381.0,175.68,398.65,1,-1,-1,-1
285,2,1240.0,322.0,207.45,470.74,1,-1,-1,-1
287,0,1208.0,353.0,207.45,470.74,1,-1,-1,-1
287,2,1127.0,354.0,189.32,429.61,1,-1,-1,-1
289,0,1208.0,353.0,175.68,398.65,1,-1,-1,-1
289,2,1272.0,322.0,207.45,470.74,1,-1,-1,-1
290,0,972.0,394.0,175.68,398.65,1,-1,-1,-1
290,1,1268.0,342.0,207.45,470.74,1,-1,-1,-1
291,0,969.0,394.0,175.68,398.65,1,-1,-1,-1
291,1,1240.0,353.0,207.45,470.74,1,-1,-1,-1
291,5,1169.0,363.0,146.62,332.71,1,-1,-1,-1
292,0,1005.0,388.0,189.32,429.61,1,-1,-1,-1
292,4,1102.0,354.0,175.68,398.65,1,-1,-1,-1
292,6,1584.0,438.0,113.37,257.27,1,-1,-1,-1
293,0,1316.0,349.0,189.32,429.61,1,-1,-1,-1
293,1,1075.0,381.0,175.68,398.65,1,-1,-1,-1
293,3,1516.0,400.0,123.42,280.06,1,-1,-1,-1
293,5,1856.0,374.0,159.84,362.7,1,-1,-1,-1
294,0,1272.0,353.0,207.45,470.74,1,-1,-1,-1
294,3,1535.0,400.0,123.42,280.06,1,-1,-1,-1
294,5,1336.0,322.0,207.45,470.74,1,-1,-1,-1
295,1,1075.0,381.0,159.84,362.7,1,-1,-1,-1
295,2,1192.0,363.0,146.62,332.71,1,-1,-1,-1
296,0,1331.0,354.0,189.32,429.61,1,-1,-1,-1
296,1,1077.0,403.0,146.62,332.71,1,-1,-1,-1
296,2,1075.0,354.0,175.68,398.65,1,-1,-1,-1
296,3,1549.0,420.0,113.37,257.27,1,-1,-1,-1
296,5,1273.0,383.0,189.32,429.61,1,-1,-1,-1
297,1,1229.0,359.0,159.84,362.7,1,-1,-1,-1
298,0,1331.0,354.0,189.32,429.61,1,-1,-1,-1
298,1,1130.0,393.0,146.62,332.71,1,-1,-1,-1
298,2,1102.0,396.0,159.84,362.7,1,-1,-1,-1
299,1,1232.0,361.0,146.62,332.71,1,-1,-1,-1
299,3,1695.0,542.0,79.918,181.35,1,-1,-1,-1
299,6,1253.0,680.0,28.302,64.224,1,-1,-1,-1
300,0,1331.0,354.0,189.32,429.61,1,-1,-1,-1
300,1,1214.0,363.0,146.62,332.71,1,-1,-1,-1
300,2,1102.0,361.0,79.918,181.35,1,-1,-1,-1
301,0,1331.0,354.0,189.32,429.61,1,-1,-1,-1
301,2,1994.0,615.0,79.918,181.35,1,-1,-1,-1
301,3,1210.0,354.0,175.68,398.65,1,-1,-1,-1
301,4,1554.0,400.0,123.42,280.06,1,-1,-1,-1
301,6,1806.0,515.0,36.723,83.333,1,-1,-1,-1
302,0,1331.0,354.0,189.32,429.61,1,-1,-1,-1
302,1,1708.0,542.0,79.918,181.35,1,-1,-1,-1
302,2,2004.0,622.0,159.84,362.7,1,-1,-1,-1
302,5,1638.0,569.0,52.0,118.0,1,-1,-1,-1
303,0,1367.0,354.0,189.32,429.61,1,-1,-1,-1
303,2,1135.0,402.0,159.84,362.7,1,-1,-1,-1
303,3,1237.0,363.0,146.62,332.71,1,-1,-1,-1
304,0,1126.0,396.0,159.84,362.7,1,-1,-1,-1
304,1,1708.0,542.0,189.32,429.61,1,-1,-1,-1
304,2,920.0,346.0,146.62,332.71,1,-1,-1,-1
304,5,1299.0,669.0,26.0,59.0,1,-1,-1,-1
305,1,1372.0,354.0,175.68,398.65,1,-1,-1,-1
305,2,1237.0,363.0,146.62,332.71,1,-1,-1,-1
305,3,1886.0,609.0,123.42,280.06,1,-1,-1,-1
306,0,1126.0,396.0,159.84,362.7,1,-1,-1,-1
306,3,1654.0,388.0,79.918,181.35,1,-1,-1,-1
306,5,1175.0,371.0,159.84,362.7,1,-1,-1,-1
307,1,1259.0,363.0,146.62,332.71,1,-1,-1,-1
307,2,1151.0,396.0,159.84,362.7,1,-1,-1,-1
307,3,1753.0,543.0,79.918,181.35,1,-1,-1,-1
307,4,1573.0,400.0,123.42,280.06,1,-1,-1,-1
308,0,1151.0,396.0,159.84,362.7,1,-1,-1,-1
308,3,1753.0,575.0,79.918,181.35,1,-1,-1,-1
309,1,1438.0,350.0,189.32,429.61,1,-1,-1,-1
309,2,1299.0,350.0,79.918,181.35,1,-1,-1,-1
309,3,1730.0,566.0,146.62,332.71,1,-1,-1,-1
310,0,1151.0,396.0,159.84,362.7,1,-1,-1,-1
310,1,1429.0,351.0,189.32,429.61,1,-1,-1,-1
310,2,1953.0,616.0,79.918,181.35,1,-1,-1,-1
310,3,1152.0,328.0,146.62,332.71,1,-1,-1,-1
311,0,1175.0,396.0,159.84,362.7,1,-1,-1,-1
311,1,1389.0,354.0,189.32,429.61,1,-1,-1,-1
311,2,1943.0,624.0,146.62,332.71,1,-1,-1,-1
311,3,1089.0,286.0,79.918,181.35,1,-1,-1,-1
312,2,1294.0,362.0,146.62,332.71,1,-1,-1,-1
312,3,1702.0,537.0,79.918,181.35,1,-1,-1,-1
312,5,1592.0,400.0,123.42,280.06,1,-1,-1,-1
313,1,1422.0,396.0,159.84,362.7,1,-1,-1,-1
313,2,1131.0,299.0,79.918,181.35,1,-1,-1,-1
313,3,1858.0,602.0,146.62,332.71,1,-1,-1,-1
314,2,1422.0,396.0,159.84,362.7,1,-1,-1,-1
314,3,1289.0,364.0,146.62,332.71,1,-1,-1,-1
314,5,1372.0,371.0,159.84,362.7,1,-1,-1,-1
315,1,1816.0,597.0,189.32,429.61,1,-1,-1,-1
315,3,1143.0,304.0,79.918,181.35,1,-1,-1,-1
316,1,1369.0,310.0,146.62,332.71,1,-1,-1,-1
316,2,1708.0,542.0,79.918,181.35,1,-1,-1,-1
316,3,1282.0,363.0,146.62,332.71,1,-1,-1,-1
316,5,1388.0,531.0,67.474,153.11,1,-1,-1,-1
317,0,1192.0,385.0,146.62,332.71,1,-1,-1,-1
317,1,1019.0,324.0,175.68,398.65,1,-1,-1,-1
318,1,1322.0,316.0,175.68,398.65,1,-1,-1,-1
318,2,1708.0,542.0,79.918,181.35,1,-1,-1,-1
318,4,1282.0,363.0,146.62,332.71,1,-1,-1,-1
319,0,1192.0,385.0,146.62,332.71,1,-1,-1,-1
319,1,1446.0,366.0,159.84,362.7,1,-1,-1,-1
319,2,1249.0,371.0,159.84,362.7,1,-1,-1,-1
320,1,1427.0,354.0,175.68,398.65,1,-1,-1,-1
321,2,1169.0,408.0,146.62,332.71,1,-1,-1,-1
322,0,1214.0,385.0,146.62,332.71,1,-1,-1,-1
322,1,1446.0,396.0,159.84,362.7,1,-1,-1,-1
323,2,1259.0,408.0,146.62,332.71,1,-1,-1,-1
323,4,1082.0,422.0,146.62,332.71,1,-1,-1,-1
323,5,1395.0,385.0,146.62,332.71,1,-1,-1,-1
324,0,1214.0,385.0,175.68,398.65,1,-1,-1,-1
324,3,1643.0,385.0,113.37,257.27,1,-1,-1,-1
324,4,1098.0,419.0,146.62,332.71,1,-1,-1,-1
324,6,1310.0,376.0,175.68,398.65,1,-1,-1,-1
325,0,1527.0,339.0,175.68,398.65,1,-1,-1,-1
325,1,1214.0,385.0,146.62,332.71,1,-1,-1,-1
325,2,1274.0,371.0,159.84,362.7,1,-1,-1,-1
325,3,1584.0,438.0,113.37,257.27,1,-1,-1,-1
325,4,1761.0,383.0,146.62,332.71,1,-1,-1,-1
325,6,1561.0,383.0,175.68,398.65,1,-1,-1,-1
326,0,1531.0,338.0,175.68,398.65,1,-1,-1,-1
326,4,1671.0,542.0,79.918,181.35,1,-1,-1,-1
326,6,1481.0,381.0,175.68,398.65,1,-1,-1,-1
327,0,1483.0,345.0,175.68,398.65,1,-1,-1,-1
327,1,1237.0,385.0,146.62,332.71,1,-1,-1,-1
327,2,1643.0,385.0,146.62,332.71,1,-1,-1,-1
327,3,1146.0,385.0,146.62,332.71,1,-1,-1,-1
328,0,1443.0,351.0,159.84,362.7,1,-1,-1,-1
329,0,1449.0,375.0,159.84,362.7,1,-1,-1,-1
329,1,1237.0,416.0,146.62,332.71,1,-1,-1,-1
329,2,1643.0,385.0,146.62,332.71,1,-1,-1,-1
330,0,1449.0,379.0,159.84,362.7,1,-1,-1,-1
330,1,1237.0,385.0,146.62,332.71,1,-1,-1,-1
330,3,1592.0,419.0,123.42,280.06,1,-1,-1,-1
330,5,1282.0,408.0,146.62,332.71,1,-1,-1,-1
331,0,1447.0,376.0,146.62,332.71,1,-1,-1,-1
331,2,1643.0,385.0,123.42,280.06,1,-1,-1,-1
331,4,973.0,388.0,146.62,332.71,1,-1,-1,-1
332,0,1467.0,418.0,146.62,332.71,1,-1,-1,-1
332,1,1249.0,371.0,159.84,362.7,1,-1,-1,-1
332,2,1567.0,435.0,123.42,280.06,1,-1,-1,-1
332,3,1350.0,372.0,135.42,307.29,1,-1,-1,-1
332,4,1740.0,372.0,135.42,307.29,1,-1,-1,-1
332,5,1758.0,521.0,52.0,118.0,1,-1,-1,-1
333,0,1463.0,408.0,146.62,332.71,1,-1,-1,-1
333,2,1567.0,435.0,123.42,280.06,1,-1,-1,-1
333,3,1644.0,418.0,135.42,307.29,1,-1,-1,-1
333,4,1162.0,391.0,146.62,332.71,1,-1,-1,-1
334,1,1249.0,371.0,146.62,332.71,1,-1,-1,-1
334,2,1578.0,427.0,123.42,280.06,1,-1,-1,-1
334,4,1035.0,383.0,135.42,307.29,1,-1,-1,-1
334,5,1417.0,385.0,146.62,332.71,1,-1,-1,-1
334,8,1554.0,400.0,123.42,280.06,1,-1,-1,-1
335,1,1564.0,425.0,146.62,332.71,1,-1,-1,-1
335,2,1581.0,397.0,135.42,307.29,1,-1,-1,-1
335,3,1623.0,418.0,135.42,307.29,1,-1,-1,-1
335,4,1055.0,396.0,146.62,332.71,1,-1,-1,-1
335,6,1327.0,385.0,146.62,332.71,1,-1,-1,-1
335,7,1417.0,385.0,146.62,332.71,1,-1,-1,-1
336,1,1567.0,426.0,146.62,332.71,1,-1,-1,-1
336,4,1221.0,385.0,146.62,332.71,1,-1,-1,-1
336,5,1649.0,438.0,123.42,280.06,1,-1,-1,-1
336,6,1327.0,385.0,146.62,332.71,1,-1,-1,-1
337,1,1519.0,417.0,146.62,332.71,1,-1,-1,-1
337,3,1581.0,397.0,135.42,307.29,1,-1,-1,-1
337,4,1157.0,382.0,135.42,307.29,1,-1,-1,-1
337,6,1327.0,385.0,103.17,234.13,1,-1,-1,-1
337,7,1327.0,408.0,146.62,332.71,1,-1,-1,-1
338,1,1451.0,382.0,146.62,332.71,1,-1,-1,-1
338,4,1131.0,397.0,135.42,307.29,1,-1,-1,-1
338,5,1259.0,408.0,146.62,332.71,1,-1,-1,-1
338,6,1485.0,408.0,146.62,332.71,1,-1,-1,-1
339,1,1440.0,385.0,146.62,332.71,1,-1,-1,-1
339,3,1581.0,397.0,135.42,307.29,1,-1,-1,-1
339,4,1130.0,401.0,135.42,307.29,1,-1,-1,-1
340,4,1643.0,408.0,146.62,332.71,1,-1,-1,-1
341,0,1305.0,385.0,146.62,332.71,1,-1,-1,-1
341,1,1446.0,371.0,159.84,362.7,1,-1,-1,-1
341,3,1143.0,397.0,135.42,307.29,1,-1,-1,-1
341,5,1592.0,400.0,123.42,280.06,1,-1,-1,-1
342,0,1305.0,385.0,146.62,332.71,1,-1,-1,-1
342,4,1602.0,420.0,113.37,257.27,1,-1,-1,-1
343,0,1327.0,385.0,146.62,332.71,1,-1,-1,-1
343,1,1437.0,390.0,146.62,332.71,1,-1,-1,-1
343,3,1143.0,397.0,146.62,332.71,1,-1,-1,-1
343,5,1726.0,399.0,103.17,234.13,1,-1,-1,-1
343,6,1282.0,408.0,146.62,332.71,1,-1,-1,-1
344,1,1438.0,389.0,135.42,307.29,1,-1,-1,-1
344,3,1147.0,379.0,146.62,332.71,1,-1,-1,-1
345,0,1330.0,397.0,135.42,307.29,1,-1,-1,-1
345,1,1708.0,430.0,135.42,307.29,1,-1,-1,-1
345,2,1382.0,417.0,135.42,307.29,1,-1,-1,-1
345,3,1147.0,379.0,146.62,332.71,1,-1,-1,-1
346,1,1498.0,433.0,146.62,332.71,1,-1,-1,-1
346,2,1673.0,417.0,135.42,307.29,1,-1,-1,-1
346,3,1146.0,381.0,146.62,332.71,1,-1,-1,-1
347,0,1345.0,419.0,123.42,280.06,1,-1,-1,-1
347,1,1463.0,385.0,146.62,332.71,1,-1,-1,-1
347,2,1664.0,418.0,135.42,307.29,1,-1,-1,-1
347,3,1146.0,384.0,103.17,234.13,1,-1,-1,-1
348,3,1712.0,442.0,146.62,332.71,1,-1,-1,-1
348,4,974.0,367.0,135.42,307.29,1,-1,-1,-1
349,3,1599.0,431.0,103.17,234.13,1,-1,-1,-1
349,4,1339.0,419.0,146.62,332.71,1,-1,-1,-1
349,5,1706.0,397.0,135.42,307.29,1,-1,-1,-1
350,4,1606.0,434.0,87.838,199.32,1,-1,-1,-1
351,3,1124.0,385.0,146.62,332.71,1,-1,-1,-1
351,5,1602.0,420.0,113.37,257.27,1,-1,-1,-1
352,0,1351.0,397.0,146.62,332.71,1,-1,-1,-1
352,1,1463.0,385.0,146.62,332.71,1,-1,-1,-1
352,2,1664.0,397.0,135.42,307.29,1,-1,-1,-1
352,4,1626.0,425.0,94.66,214.81,1,-1,-1,-1
353,0,1814.0,379.0,135.42,307.29,1,-1,-1,-1
353,2,1203.0,397.0,135.42,307.29,1,-1,-1,-1
353,3,1124.0,385.0,146.62,332.71,1,-1,-1,-1
354,0,1570.0,394.0,146.62,332.71,1,-1,-1,-1
354,1,1477.0,397.0,135.42,307.29,1,-1,-1,-1
354,2,1197.0,397.0,135.42,307.29,1,-1,-1,-1
354,3,1124.0,385.0,146.62,332.71,1,-1,-1,-1
354,4,1626.0,425.0,103.17,234.13,1,-1,-1,-1
355,0,1713.0,384.0,135.42,307.29,1,-1,-1,-1
355,2,1666.0,385.0,146.62,332.71,1,-1,-1,-1
355,3,1093.0,385.0,146.62,332.71,1,-1,-1,-1
355,4,1727.0,397.0,135.42,307.29,1,-1,-1,-1
356,0,1488.0,396.0,135.42,307.29,1,-1,-1,-1
356,1,1477.0,397.0,135.42,307.29,1,-1,-1,-1
356,3,1119.0,385.0,146.62,332.71,1,-1,-1,-1
356,5,1773.0,399.0,103.17,234.13,1,-1,-1,-1
356,6,1518.0,376.0,103.17,234.13,1,-1,-1,-1
357,0,1295.0,400.0,135.42,307.29,1,-1,-1,-1
357,2,1689.0,385.0,146.62,332.71,1,-1,-1,-1
357,3,1099.0,385.0,146.62,332.71,1,-1,-1,-1
357,4,1643.0,408.0,146.62,332.71,1,-1,-1,-1
357,6,1828.0,527.0,36.723,83.333,1,-1,-1,-1
358,0,1285.0,399.0,135.42,307.29,1,-1,-1,-1
358,1,1485.0,385.0,146.62,332.71,1,-1,-1,-1
358,3,1095.0,385.0,159.84,362.7,1,-1,-1,-1
358,5,1643.0,408.0,146.62,332.71,1,-1,-1,-1
359,0,1326.0,397.0,146.62,332.71,1,-1,-1,-1
359,2,1689.0,385.0,146.62,332.71,1,-1,-1,-1
359,3,1098.0,367.0,159.84,362.7,1,-1,-1,-1
359,6,1748.0,418.0,135.42,307.29,1,-1,-1,-1
360,0,1500.0,382.0,135.42,307.29,1,-1,-1,-1
360,1,1329.0,401.0,146.62,332.71,1,-1,-1,-1
360,3,1100.0,364.0,159.84,362.7,1,-1,-1,-1
360,4,1664.0,418.0,135.42,307.29,1,-1,-1,-1
360,5,1748.0,418.0,135.42,307.29,1,-1,-1,-1
361,0,1421.0,394.0,135.42,307.29,1,-1,-1,-1
361,1,1706.0,397.0,135.42,307.29,1,-1,-1,-1
361,2,1497.0,397.0,135.42,307.29,1,-1,-1,-1
361,3,1102.0,367.0,146.62,332.71,1,-1,-1,-1
361,6,1664.0,418.0,135.42,307.29,1,-1,-1,-1
361,7,1530.0,345.0,135.42,307.29,1,-1,-1,-1
362,0,1387.0,398.0,135.42,307.29,1,-1,-1,-1
362,3,1748.0,418.0,135.42,307.29,1,-1,-1,-1
362,4,1377.0,418.0,146.62,332.71,1,-1,-1,-1
362,5,1748.0,418.0,94.66,214.81,1,-1,-1,-1
362,7,1543.0,368.0,135.42,307.29,1,-1,-1,-1
363,0,1381.0,399.0,146.62,332.71,1,-1,-1,-1
363,1,1497.0,397.0,135.42,307.29,1,-1,-1,-1
363,2,1393.0,397.0,135.42,307.29,1,-1,-1,-1
363,4,1646.0,431.0,103.17,234.13,1,-1,-1,-1
363,5,1611.0,450.0,61.514,139.59,1,-1,-1,-1
363,7,1435.0,418.0,135.42,307.29,1,-1,-1,-1
364,0,1783.0,383.0,146.62,332.71,1,-1,-1,-1
364,3,1102.0,371.0,159.84,362.7,1,-1,-1,-1
364,5,1824.0,489.0,67.474,153.11,1,-1,-1,-1
365,0,1593.0,380.0,135.42,307.29,1,-1,-1,-1
365,2,1518.0,397.0,135.42,307.29,1,-1,-1,-1
365,4,1668.0,371.0,159.84,362.7,1,-1,-1,-1
366,0,1386.0,396.0,135.42,307.29,1,-1,-1,-1
366,3,1102.0,371.0,159.84,362.7,1,-1,-1,-1
366,5,70.0,552.0,67.474,153.11,1,-1,-1,-1
367,0,1348.0,401.0,146.62,332.71,1,-1,-1,-1
367,2,1815.0,380.0,135.42,307.29,1,-1,-1,-1
367,3,1102.0,371.0,159.84,362.7,1,-1,-1,-1
368,0,1771.0,385.0,135.42,307.29,1,-1,-1,-1
368,1,1539.0,397.0,135.42,307.29,1,-1,-1,-1
368,2,1734.0,385.0,146.62,332.71,1,-1,-1,-1
368,3,1102.0,371.0,135.42,307.29,1,-1,-1,-1
369,0,1484.0,396.0,135.42,307.29,1,-1,-1,-1
369,3,1599.0,430.0,175.68,398.65,1,-1,-1,-1
370,0,1388.0,399.0,135.42,307.29,1,-1,-1,-1
370,1,1539.0,397.0,135.42,307.29,1,-1,-1,-1
370,2,1756.0,385.0,146.62,332.71,1,-1,-1,-1
370,3,1141.0,358.0,175.68,398.65,1,-1,-1,-1
370,6,132.0,666.0,67.474,153.11,1,-1,-1,-1
371,0,1387.0,398.0,135.42,307.29,1,-1,-1,-1
371,3,994.0,338.0,175.68,398.65,1,-1,-1,-1
372,0,1440.0,419.0,123.42,280.06,1,-1,-1,-1
372,1,1539.0,397.0,135.42,307.29,1,-1,-1,-1
372,2,1756.0,385.0,146.62,332.71,1,-1,-1,-1
372,3,997.0,341.0,189.32,429.61,1,-1,-1,-1
373,1,1569.0,397.0,123.42,280.06,1,-1,-1,-1
373,2,1756.0,385.0,146.62,332.71,1,-1,-1,-1
373,3,1029.0,348.0,189.32,429.61,1,-1,-1,-1
374,0,1560.0,397.0,135.42,307.29,1,-1,-1,-1
374,1,1436.0,426.0,123.42,280.06,1,-1,-1,-1
374,2,1069.0,354.0,189.32,429.61,1,-1,-1,-1
374,3,1057.0,352.0,146.62,332.71,1,-1,-1,-1
375,1,1419.0,428.0,135.42,307.29,1,-1,-1,-1
375,3,1957.0,393.0,146.62,332.71,1,-1,-1,-1
376,0,1420.0,427.0,123.42,280.06,1,-1,-1,-1
376,1,1587.0,397.0,135.42,307.29,1,-1,-1,-1
376,2,1048.0,381.0,175.68,398.65,1,-1,-1,-1
376,3,2093.0,399.0,146.62,332.71,1,-1,-1,-1
376,5,372.0,603.0,33.737,76.557,1,-1,-1,-1
377,0,1427.0,425.0,135.42,307.29,1,-1,-1,-1
377,1,1625.0,389.0,123.42,280.06,1,-1,-1,-1
377,3,1970.0,393.0,146.62,332.71,1,-1,-1,-1
377,6,1777.0,544.0,40.123,91.049,1,-1,-1,-1
378,0,1605.0,393.0,135.42,307.29,1,-1,-1,-1
378,1,1460.0,418.0,123.42,280.06,1,-1,-1,-1
378,2,1036.0,343.0,189.32,429.61,1,-1,-1,-1
378,3,1671.0,403.0,113.37,257.27,1,-1,-1,-1
378,5,236.0,318.0,226.74,514.53,1,-1,-1,-1
379,0,1462.0,420.0,113.37,257.27,1,-1,-1,-1
379,1,1418.0,426.0,123.42,280.06,1,-1,-1,-1
379,2,1037.0,345.0,189.32,429.61,1,-1,-1,-1
379,6,1791.0,371.0,159.84,362.7,1,-1,-1,-1
380,1,1594.0,400.0,123.42,280.06,1,-1,-1,-1
380,2,1038.0,350.0,189.32,429.61,1,-1,-1,-1
380,3,1710.0,415.0,103.17,234.13,1,-1,-1,-1
381,0,1479.0,420.0,113.37,257.27,1,-1,-1,-1
381,1,1637.0,393.0,123.42,280.06,1,-1,-1,-1
381,2,1039.0,352.0,207.45,470.74,1,-1,-1,-1
381,6,1444.0,438.0,113.37,257.27,1,-1,-1,-1
382,1,1625.0,419.0,123.42,280.06,1,-1,-1,-1
382,2,1010.0,314.0,207.45,470.74,1,-1,-1,-1
382,3,1599.0,394.0,79.918,181.35,1,-1,-1,-1
383,0,1479.0,420.0,113.37,257.27,1,-1,-1,-1
383,1,1629.0,401.0,123.42,280.06,1,-1,-1,-1
383,2,1005.0,308.0,207.45,470.74,1,-1,-1,-1
383,3,1809.0,477.0,87.838,199.32,1,-1,-1,-1
383,4,1668.0,400.0,123.42,280.06,1,-1,-1,-1
383,5,1838.0,468.0,73.864,167.61,1,-1,-1,-1
384,0,1479.0,420.0,113.37,257.27,1,-1,-1,-1
384,1,1611.0,400.0,123.42,280.06,1,-1,-1,-1
384,2,1009.0,313.0,207.45,470.74,1,-1,-1,-1
384,3,1824.0,469.0,87.838,199.32,1,-1,-1,-1
385,0,1479.0,420.0,123.42,280.06,1,-1,-1,-1
385,2,1013.0,319.0,87.838,199.32,1,-1,-1,-1
385,3,1800.0,457.0,189.32,429.61,1,-1,-1,-1
386,0,1477.0,394.0,123.42,280.06,1,-1,-1,-1
386,1,1619.0,420.0,113.37,257.27,1,-1,-1,-1
386,2,1021.0,354.0,175.68,398.65,1,-1,-1,-1
386,3,832.0,332.0,123.42,280.06,1,-1,-1,-1
387,0,1477.0,391.0,123.42,280.06,1,-1,-1,-1
387,3,1502.0,370.0,123.42,280.06,1,-1,-1,-1
388,0,1477.0,394.0,113.37,257.27,1,-1,-1,-1
388,2,984.0,322.0,207.45,470.74,1,-1,-1,-1
388,3,1592.0,419.0,123.42,280.06,1,-1,-1,-1
389,0,1501.0,423.0,113.37,257.27,1,-1,-1,-1
390,0,1505.0,428.0,113.37,257.27,1,-1,-1,-1
390,2,984.0,322.0,207.45,470.74,1,-1,-1,-1
390,3,1687.0,400.0,123.42,280.06,1,-1,-1,-1
391,0,1497.0,400.0,123.42,280.06,1,-1,-1,-1
391,1,1638.0,427.0,123.42,280.06,1,-1,-1,-1
391,2,984.0,322.0,123.42,280.06,1,-1,-1,-1
392,1,1629.0,424.0,123.42,280.06,1,-1,-1,-1
392,2,1887.0,424.0,207.45,470.74,1,-1,-1,-1
392,3,718.0,292.0,123.42,280.06,1,-1,-1,-1
393,0,1514.0,420.0,113.37,257.27,1,-1,-1,-1
393,1,1653.0,396.0,123.42,280.06,1,-1,-1,-1
393,2,1113.0,336.0,123.42,280.06,1,-1,-1,-1
393,3,1690.0,440.0,207.45,470.74,1,-1,-1,-1
393,4,1706.0,400.0,123.42,280.06,1,-1,-1,-1
393,6,504.0,290.0,207.45,470.74,1,-1,-1,-1
394,1,1656.0,392.0,123.42,280.06,1,-1,-1,-1
394,2,1647.0,429.0,207.45,470.74,1,-1,-1,-1
394,3,1687.0,381.0,123.42,280.06,1,-1,-1,-1
395,1,1653.0,394.0,123.42,280.06,1,-1,-1,-1
395,2,937.0,326.0,207.45,470.74,1,-1,-1,-1
396,0,1532.0,420.0,113.37,257.27,1,-1,-1,-1
396,1,1674.0,398.0,123.42,280.06,1,-1,-1,-1
396,2,767.0,298.0,207.45,470.74,1,-1,-1,-1
397,1,1676.0,399.0,123.42,280.06,1,-1,-1,-1
397,2,817.0,303.0,226.74,514.53,1,-1,-1,-1
398,0,1536.0,435.0,103.17,234.13,1,-1,-1,-1
398,1,1672.0,400.0,123.42,280.06,1,-1,-1,-1
398,2,874.0,308.0,226.74,514.53,1,-1,-1,-1
399,0,1535.0,434.0,103.17,234.13,1,-1,-1,-1
399,1,1668.0,400.0,123.42,280.06,1,-1,-1,-1
399,2,874.0,314.0,226.74,514.53,1,-1,-1,-1
399,4,1795.0,447.0,87.838,199.32,1,-1,-1,-1
400,0,1556.0,432.0,103.17,234.13,1,-1,-1,-1
400,2,886.0,317.0,226.74,514.53,1,-1,-1,-1
400,3,600.0,322.0,207.45,470.74,1,-1,-1,-1
401,0,1558.0,431.0,103.17,234.13,1,-1,-1,-1
401,1,1687.0,400.0,123.42,280.06,1,-1,-1,-1
401,2,896.0,318.0,226.74,514.53,1,-1,-1,-1
402,0,1551.0,431.0,103.17,234.13,1,-1,-1,-1
402,2,899.0,318.0,226.74,514.53,1,-1,-1,-1
403,1,1687.0,400.0,123.42,280.06,1,-1,-1,-1
403,2,856.0,318.0,226.74,514.53,1,-1,-1,-1
404,0,1567.0,431.0,103.17,234.13,1,-1,-1,-1
404,1,1687.0,400.0,123.42,280.06,1,-1,-1,-1
404,2,849.0,318.0,226.74,514.53,1,-1,-1,-1
404,4,662.0,325.0,189.32,429.61,1,-1,-1,-1
405,2,854.0,317.0,226.74,514.53,1,-1,-1,-1
405,5,1833.0,484.0,61.514,139.59,1,-1,-1,-1
406,0,1567.0,431.0,103.17,234.13,1,-1,-1,-1
406,1,1706.0,400.0,123.42,280.06,1,-1,-1,-1
406,2,860.0,317.0,226.74,514.53,1,-1,-1,-1
406,3,696.0,327.0,175.68,398.65,1,-1,-1,-1
406,4,1668.0,419.0,123.42,280.06,1,-1,-1,-1
407,2,863.0,317.0,226.74,514.53,1,-1,-1,-1
407,5,1551.0,447.0,103.17,234.13,1,-1,-1,-1
408,0,1589.0,431.0,103.17,234.13,1,-1,-1,-1
408,2,820.0,317.0,113.37,257.27,1,-1,-1,-1
409,0,1583.0,431.0,103.17,234.13,1,-1,-1,-1
409,1,1706.0,420.0,113.37,257.27,1,-1,-1,-1
409,2,1741.0,403.0,113.37,257.27,1,-1,-1,-1
409,4,1675.0,471.0,47.794,108.46,1,-1,-1,-1
409,5,835.0,275.0,250.0,567.31,1,-1,-1,-1
411,0,1599.0,431.0,103.17,234.13,1,-1,-1,-1
411,2,1759.0,403.0,113.37,257.27,1,-1,-1,-1
411,3,794.0,318.0,226.74,514.53,1,-1,-1,-1
411,5,1630.0,415.0,103.17,234.13,1,-1,-1,-1
413,2,428.0,285.0,226.74,514.53,1,-1,-1,-1
413,3,2124.0,435.0,123.42,280.06,1,-1,-1,-1
414,0,1615.0,431.0,103.17,234.13,1,-1,-1,-1
414,2,496.0,291.0,226.74,514.53,1,-1,-1,-1
414,3,2061.0,396.0,113.37,257.27,1,-1,-1,-1
414,5,1583.0,415.0,103.17,234.13,1,-1,-1,-1
415,1,1723.0,427.0,113.37,257.27,1,-1,-1,-1
415,2,653.0,305.0,226.74,514.53,1,-1,-1,-1
415,3,1899.0,411.0,113.37,257.27,1,-1,-1,-1
416,0,1615.0,431.0,113.37,257.27,1,-1,-1,-1
416,1,1723.0,426.0,103.17,234.13,1,-1,-1,-1
416,2,752.0,314.0,113.37,257.27,1,-1,-1,-1
416,3,1821.0,410.0,250.0,567.31,1,-1,-1,-1
417,0,1630.0,431.0,103.17,234.13,1,-1,-1,-1
417,1,1579.0,437.0,123.42,280.06,1,-1,-1,-1
417,2,2024.0,424.0,113.37,257.27,1,-1,-1,-1
417,3,507.0,246.0,250.0,567.31,1,-1,-1,-1
418,1,1630.0,415.0,103.17,234.13,1,-1,-1,-1
418,2,2217.0,441.0,250.0,567.31,1,-1,-1,-1
418,3,305.0,219.0,113.37,257.27,1,-1,-1,-1
419,0,1741.0,420.0,113.37,257.27,1,-1,-1,-1
419,2,772.0,266.0,113.37,257.27,1,-1,-1,-1
419,3,1753.0,400.0,250.0,567.31,1,-1,-1,-1
420,1,1741.0,420.0,113.37,257.27,1,-1,-1,-1
420,2,1676.0,386.0,113.37,257.27,1,-1,-1,-1
420,3,854.0,287.0,270.83,614.58,1,-1,-1,-1
421,0,1588.0,413.0,103.17,234.13,1,-1,-1,-1
421,2,741.0,254.0,270.83,614.58,1,-1,-1,-1
421,3,560.0,226.0,103.17,234.13,1,-1,-1,-1
421,5,1689.0,403.0,113.37,257.27,1,-1,-1,-1
422,0,1619.0,413.0,103.17,234.13,1,-1,-1,-1
422,1,1759.0,420.0,113.37,257.27,1,-1,-1,-1
422,3,1886.0,426.0,113.37,257.27,1,-1,-1,-1
423,0,1637.0,414.0,103.17,234.13,1,-1,-1,-1
423,2,682.0,313.0,250.0,567.31,1,-1,-1,-1
423,3,2175.0,455.0,113.37,257.27,1,-1,-1,-1
424,0,1645.0,414.0,103.17,234.13,1,-1,-1,-1
424,1,1759.0,420.0,113.37,257.27,1,-1,-1,-1
424,3,2057.0,436.0,113.37,257.27,1,-1,-1,-1
425,0,1667.0,435.0,103.17,234.13,1,-1,-1,-1
425,2,682.0,313.0,270.83,614.58,1,-1,-1,-1
425,3,1794.0,403.0,113.37,257.27,1,-1,-1,-1
426,0,1670.0,438.0,103.17,234.13,1,-1,-1,-1
426,2,645.0,287.0,146.62,332.71,1,-1,-1,-1
427,0,1666.0,435.0,103.17,234.13,1,-1,-1,-1
427,1,1776.0,403.0,113.37,257.27,1,-1,-1,-1
427,2,991.0,376.0,146.62,332.71,1,-1,-1,-1
427,3,616.0,296.0,270.83,614.58,1,-1,-1,-1
428,0,1663.0,412.0,103.17,234.13,1,-1,-1,-1
428,2,1031.0,388.0,270.83,614.58,1,-1,-1,-1
429,0,1661.0,408.0,103.17,234.13,1,-1,-1,-1
429,1,1678.0,415.0,103.17,234.13,1,-1,-1,-1
429,2,606.0,295.0,270.83,614.58,1,-1,-1,-1
430,0,1800.0,430.0,103.17,234.13,1,-1,-1,-1
430,2,452.0,272.0,270.83,614.58,1,-1,-1,-1
430,3,1811.0,403.0,113.37,257.27,1,-1,-1,-1
431,0,1789.0,431.0,103.17,234.13,1,-1,-1,-1
431,2,574.0,296.0,270.83,614.58,1,-1,-1,-1
431,4,647.0,298.0,87.838,199.32,1,-1,-1,-1
431,5,967.0,327.0,175.68,398.65,1,-1,-1,-1
432,1,1671.0,403.0,113.37,257.27,1,-1,-1,-1
432,4,1209.0,480.0,146.62,332.71,1,-1,-1,-1
433,0,1678.0,415.0,103.17,234.13,1,-1,-1,-1
433,2,1811.0,403.0,113.37,257.27,1,-1,-1,-1
433,3,600.0,449.0,207.45,470.74,1,-1,-1,-1
433,4,929.0,383.0,103.17,234.13,1,-1,-1,-1
434,1,1773.0,415.0,103.17,234.13,1,-1,-1,-1
434,4,1806.0,439.0,146.62,332.71,1,-1,-1,-1
435,0,1700.0,437.0,103.17,234.13,1,-1,-1,-1
435,3,532.0,254.0,270.83,614.58,1,-1,-1,-1
435,4,1097.0,363.0,123.42,280.06,1,-1,-1,-1
436,0,1694.0,431.0,103.17,234.13,1,-1,-1,-1
436,4,1888.0,366.0,270.83,614.58,1,-1,-1,-1
436,5,1662.0,415.0,103.17,234.13,1,-1,-1,-1
436,7,1051.0,287.0,30.903,70.127,1,-1,-1,-1
437,4,1678.0,399.0,103.17,234.13,1,-1,-1,-1
437,6,930.0,538.0,30.903,70.127,1,-1,-1,-1
438,0,1710.0,415.0,103.17,234.13,1,-1,-1,-1
438,2,1759.0,403.0,113.37,257.27,1,-1,-1,-1
438,5,935.0,538.0,30.903,70.127,1,-1,-1,-1
439,4,1349.0,447.0,87.838,199.32,1,-1,-1,-1
440,0,1710.0,415.0,103.17,234.13,1,-1,-1,-1
440,1,1776.0,403.0,113.37,257.27,1,-1,-1,-1
440,2,784.0,358.0,146.62,332.71,1,-1,-1,-1
440,3,1820.0,400.0,123.42,280.06,1,-1,-1,-1
441,0,1733.0,415.0,103.17,234.13,1,-1,-1,-1
441,2,840.0,381.0,123.42,280.06,1,-1,-1,-1
441,4,1684.0,425.0,94.66,214.81,1,-1,-1,-1
442,0,1726.0,415.0,103.17,234.13,1,-1,-1,-1
442,2,1938.0,407.0,94.66,214.81,1,-1,-1,-1
442,3,1811.0,403.0,113.37,257.27,1,-1,-1,-1
442,6,445.0,457.0,226.74,514.53,1,-1,-1,-1
443,2,1101.0,363.0,146.62,332.71,1,-1,-1,-1
445,2,1810.0,376.0,135.42,307.29,1,-1,-1,-1
446,4,1647.0,488.0,40.123,91.049,1,-1,-1,-1
447,1,2065.0,387.0,103.17,234.13,1,-1,-1,-1
447,2,1124.0,363.0,146.62,332.71,1,-1,-1,-1
448,0,1757.0,431.0,103.17,234.13,1,-1,-1,-1
448,1,1951.0,460.0,113.37,257.27,1,-1,-1,-1
449,1,1782.0,400.0,123.42,280.06,1,-1,-1,-1
449,2,1124.0,363.0,146.62,332.71,1,-1,-1,-1
449,3,1706.0,385.0,113.37,257.27,1,-1,-1,-1
451,1,1164.0,376.0,135.42,307.29,1,-1,-1,-1
451,3,1820.0,381.0,123.42,280.06,1,-1,-1,-1
453,1,1164.0,376.0,135.42,307.29,1,-1,-1,-1
453,3,1620.0,505.0,52.0,118.0,1,-1,-1,-1
454,1,1193.0,376.0,135.42,307.29,1,-1,-1,-1
454,3,1634.0,489.0,47.794,108.46,1,-1,-1,-1
455,1,1193.0,376.0,135.42,307.29,1,-1,-1,-1
455,2,152.0,576.0,207.45,470.74,1,-1,-1,-1
455,3,1790.0,376.0,135.42,307.29,1,-1,-1,-1
456,0,1718.0,398.0,113.37,257.27,1,-1,-1,-1
456,1,1189.0,376.0,135.42,307.29,1,-1,-1,-1
457,0,1743.0,403.0,123.42,280.06,1,-1,-1,-1
457,1,1211.0,376.0,123.42,280.06,1,-1,-1,-1
457,2,1205.0,376.0,135.42,307.29,1,-1,-1,-1
458,0,1775.0,374.0,113.37,257.27,1,-1,-1,-1
458,1,1205.0,376.0,135.42,307.29,1,-1,-1,-1
459,0,1706.0,400.0,123.42,280.06,1,-1,-1,-1
459,2,1763.0,381.0,123.42,280.06,1,-1,-1,-1
460,3,96.0,527.0,226.74,514.53,1,-1,-1,-1
464,0,1805.0,415.0,103.17,234.13,1,-1,-1,-1
466,0,1805.0,415.0,94.66,214.81,1,-1,-1,-1
467,0,1819.0,429.0,87.838,199.32,1,-1,-1,-1
467,2,1725.0,400.0,123.42,280.06,1,-1,-1,-1
467,5,1795.0,447.0,87.838,199.32,1,-1,-1,-1
468,0,1829.0,441.0,87.838,199.32,1,-1,-1,-1
468,4,1759.0,403.0,113.37,257.27,1,-1,-1,-1
469,0,1827.0,440.0,87.838,199.32,1,-1,-1,-1
469,2,1759.0,403.0,113.37,257.27,1,-1,-1,-1
469,3,1287.0,385.0,113.37,257.27,1,-1,-1,-1
470,0,1824.0,437.0,87.838,199.32,1,-1,-1,-1
470,1,1612.0,403.0,113.37,257.27,1,-1,-1,-1
470,4,-279.0,291.0,113.37,257.27,1,-1,-1,-1
471,0,1822.0,434.0,87.838,199.32,1,-1,-1,-1
471,1,1613.0,403.0,113.37,257.27,1,-1,-1,-1
471,2,-292.0,285.0,226.74,514.53,1,-1,-1,-1
471,4,2001.0,416.0,113.37,257.27,1,-1,-1,-1
472,0,1821.0,433.0,87.838,199.32,1,-1,-1,-1
472,1,1616.0,403.0,113.37,257.27,1,-1,-1,-1
472,2,-137.0,291.0,113.37,257.27,1,-1,-1,-1
472,3,305.0,318.0,226.74,514.53,1,-1,-1,-1
472,4,2268.0,430.0,113.37,257.27,1,-1,-1,-1
473,0,1822.0,434.0,87.838,199.32,1,-1,-1,-1
473,1,1618.0,403.0,113.37,257.27,1,-1,-1,-1
473,2,1908.0,417.0,123.42,280.06,1,-1,-1,-1
473,4,1513.0,398.0,103.17,234.13,1,-1,-1,-1
473,6,1322.0,385.0,113.37,257.27,1,-1,-1,-1
474,1,1773.0,399.0,103.17,234.13,1,-1,-1,-1
474,2,1668.0,400.0,123.42,280.06,1,-1,-1,-1
474,3,305.0,318.0,113.37,257.27,1,-1,-1,-1
474,4,1485.0,456.0,73.864,167.61,1,-1,-1,-1
475,0,1836.0,434.0,87.838,199.32,1,-1,-1,-1
475,3,2187.0,468.0,113.37,257.27,1,-1,-1,-1
475,6,1484.0,447.0,87.838,199.32,1,-1,-1,-1
476,1,1340.0,385.0,113.37,257.27,1,-1,-1,-1
476,2,1773.0,399.0,103.17,234.13,1,-1,-1,-1
476,3,2210.0,447.0,113.37,257.27,1,-1,-1,-1
476,4,340.0,318.0,226.74,514.53,1,-1,-1,-1
476,5,1484.0,447.0,87.838,199.32,1,-1,-1,-1
477,0,1836.0,434.0,87.838,199.32,1,-1,-1,-1
477,3,1986.0,422.0,103.17,234.13,1,-1,-1,-1
477,6,1484.0,447.0,87.838,199.32,1,-1,-1,-1
478,1,1619.0,403.0,113.37,257.27,1,-1,-1,-1
478,2,1560.0,404.0,103.17,234.13,1,-1,-1,-1
478,3,1567.0,420.0,113.37,257.27,1,-1,-1,-1
478,4,340.0,318.0,103.17,234.13,1,-1,-1,-1
478,5,1598.0,409.0,226.74,514.53,1,-1,-1,-1
479,0,1836.0,434.0,87.838,199.32,1,-1,-1,-1
479,2,1798.0,398.0,103.17,234.13,1,-1,-1,-1
479,4,1842.0,437.0,113.37,257.27,1,-1,-1,-1
479,5,-162.0,261.0,113.37,257.27,1,-1,-1,-1
480,0,1836.0,434.0,87.838,199.32,1,-1,-1,-1
480,1,1786.0,410.0,94.66,214.81,1,-1,-1,-1
480,2,1602.0,403.0,113.37,257.27,1,-1,-1,-1
480,4,2223.0,466.0,207.45,470.74,1,-1,-1,-1
480,5,1353.0,376.0,103.17,234.13,1,-1,-1,-1
481,0,1836.0,434.0,87.838,199.32,1,-1,-1,-1
481,4,482.0,366.0,40.123,91.049,1,-1,-1,-1
481,5,1767.0,448.0,103.17,234.13,1,-1,-1,-1
482,0,1836.0,434.0,87.838,199.32,1,-1,-1,-1
482,1,1786.0,410.0,103.17,234.13,1,-1,-1,-1
482,2,1392.0,399.0,103.17,234.13,1,-1,-1,-1
482,4,1258.0,659.0,103.17,234.13,1,-1,-1,-1
482,5,1602.0,403.0,113.37,257.27,1,-1,-1,-1
482,6,1400.0,612.0,40.123,91.049,1,-1,-1,-1
483,0,1836.0,434.0,87.838,199.32,1,-1,-1,-1
483,1,1790.0,393.0,94.66,214.81,1,-1,-1,-1
483,3,451.0,366.0,103.17,234.13,1,-1,-1,-1
483,4,1695.0,482.0,103.17,234.13,1,-1,-1,-1
484,0,1836.0,434.0,87.838,199.32,1,-1,-1,-1
484,1,1804.0,408.0,94.66,214.81,1,-1,-1,-1
484,2,1583.0,431.0,103.17,234.13,1,-1,-1,-1
484,3,2131.0,455.0,207.45,470.74,1,-1,-1,-1
484,4,1524.0,440.0,94.66,214.81,1,-1,-1,-1
485,0,1836.0,434.0,87.838,199.32,1,-1,-1,-1
485,1,1567.0,415.0,103.17,234.13,1,-1,-1,-1
485,3,1535.0,431.0,103.17,234.13,1,-1,-1,-1
486,0,1836.0,434.0,87.838,199.32,1,-1,-1,-1
486,2,1549.0,403.0,113.37,257.27,1,-1,-1,-1
486,4,1789.0,399.0,103.17,234.13,1,-1,-1,-1
487,0,1836.0,434.0,87.838,199.32,1,-1,-1,-1
487,1,1504.0,431.0,103.17,234.13,1,-1,-1,-1
487,3,445.0,318.0,226.74,514.53,1,-1,-1,-1
488,0,1836.0,434.0,79.918,181.35,1,-1,-1,-1
488,2,1549.0,403.0,113.37,257.27,1,-1,-1,-1
488,4,1789.0,399.0,94.66,214.81,1,-1,-1,-1
488,5,1410.0,404.0,113.37,257.27,1,-1,-1,-1
489,0,1844.0,445.0,79.918,181.35,1,-1,-1,-1
489,1,81.0,280.0,207.45,470.74,1,-1,-1,-1
489,4,1805.0,415.0,123.42,280.06,1,-1,-1,-1
489,5,1435.0,404.0,52.0,118.0,1,-1,-1,-1
490,0,1846.0,446.0,79.918,181.35,1,-1,-1,-1
490,1,154.0,334.0,226.74,514.53,1,-1,-1,-1
490,3,1670.0,465.0,52.0,118.0,1,-1,-1,-1
490,4,1815.0,445.0,73.864,167.61,1,-1,-1,-1
490,5,1767.0,485.0,103.17,234.13,1,-1,-1,-1
491,0,1844.0,445.0,123.42,280.06,1,-1,-1,-1
491,1,332.0,306.0,103.17,234.13,1,-1,-1,-1
491,5,1595.0,450.0,94.66,214.81,1,-1,-1,-1
492,0,1849.0,434.0,87.838,199.32,1,-1,-1,-1
492,1,1767.0,448.0,207.45,470.74,1,-1,-1,-1
492,4,1800.0,396.0,94.66,214.81,1,-1,-1,-1
492,5,1867.0,388.0,113.37,257.27,1,-1,-1,-1
493,1,710.0,337.0,123.42,280.06,1,-1,-1,-1
493,3,1800.0,396.0,94.66,214.81,1,-1,-1,-1
493,5,1456.0,406.0,52.0,118.0,1,-1,-1,-1
494,0,504.0,353.0,207.45,470.74,1,-1,-1,-1
494,1,1514.0,399.0,73.864,167.61,1,-1,-1,-1
494,2,1567.0,440.0,94.66,214.81,1,-1,-1,-1
494,4,1478.0,444.0,52.0,118.0,1,-1,-1,-1
494,5,1640.0,474.0,123.42,280.06,1,-1,-1,-1
495,1,2203.0,471.0,79.918,181.35,1,-1,-1,-1
495,3,1800.0,396.0,94.66,214.81,1,-1,-1,-1
495,4,1658.0,491.0,52.0,118.0,1,-1,-1,-1
495,5,1254.0,447.0,87.838,199.32,1,-1,-1,-1
496,0,504.0,353.0,94.66,214.81,1,-1,-1,-1
496,1,2197.0,473.0,73.864,167.61,1,-1,-1,-1
496,2,1418.0,384.0,207.45,470.74,1,-1,-1,-1
496,3,1440.0,400.0,123.42,280.06,1,-1,-1,-1
496,4,1698.0,486.0,52.0,118.0,1,-1,-1,-1
497,0,2411.0,416.0,87.838,199.32,1,-1,-1,-1
497,1,2031.0,461.0,207.45,470.74,1,-1,-1,-1
497,2,215.0,273.0,159.84,362.7,1,-1,-1,-1
497,4,1275.0,503.0,61.514,139.59,1,-1,-1,-1
498,0,2446.0,431.0,87.838,199.32,1,-1,-1,-1
498,1,248.0,335.0,87.838,199.32,1,-1,-1,-1
498,3,240.0,298.0,159.84,362.7,1,-1,-1,-1
499,0,1473.0,473.0,123.42,280.06,1,-1,-1,-1
499,1,1538.0,396.0,79.918,181.35,1,-1,-1,-1
499,2,568.0,353.0,207.45,470.74,1,-1,-1,-1
499,8,1678.0,465.0,52.0,118.0,1,-1,-1,-1
500,0,1400.0,411.0,135.42,307.29,1,-1,-1,-1
500,1,1330.0,468.0,207.45,470.74,1,-1,-1,-1
500,3,1809.0,420.0,87.838,199.32,1,-1,-1,-1
501,0,1419.0,360.0,123.42,280.06,1,-1,-1,-1
501,1,365.0,351.0,94.66,214.81,1,-1,-1,-1
501,2,1561.0,494.0,87.838,199.32,1,-1,-1,-1
501,5,1678.0,465.0,52.0,118.0,1,-1,-1,-1
502,0,1454.0,385.0,94.66,214.81,1,-1,-1,-1
502,1,1493.0,431.0,207.45,470.74,1,-1,-1,-1
502,2,2276.0,434.0,123.42,280.06,1,-1,-1,-1
502,3,98.0,284.0,87.838,199.32,1,-1,-1,-1
503,0,1604.0,448.0,207.45,470.74,1,-1,-1,-1
503,1,551.0,347.0,123.42,280.06,1,-1,-1,-1
503,2,1731.0,390.0,94.66,214.81,1,-1,-1,-1
503,3,2012.0,436.0,94.66,214.81,1,-1,-1,-1
504,0,363.0,312.0,207.45,470.74,1,-1,-1,-1
504,1,1462.0,387.0,103.17,234.13,1,-1,-1,-1
504,2,1628.0,436.0,123.42,280.06,1,-1,-1,-1
504,3,2244.0,440.0,103.17,234.13,1,-1,-1,-1
505,0,195.0,283.0,207.45,470.74,1,-1,-1,-1
505,1,1828.0,442.0,94.66,214.81,1,-1,-1,-1
505,2,1440.0,431.0,103.17,234.13,1,-1,-1,-1
505,3,1619.0,453.0,123.42,280.06,1,-1,-1,-1
506,0,355.0,295.0,207.45,470.74,1,-1,-1,-1
506,1,1806.0,521.0,36.723,83.333,1,-1,-1,-1
506,3,1497.0,400.0,123.42,280.06,1,-1,-1,-1
507,0,517.0,311.0,207.45,470.74,1,-1,-1,-1
507,2,1596.0,440.0,94.66,214.81,1,-1,-1,-1
507,4,1847.0,381.0,270.83,614.58,1,-1,-1,-1
508,0,599.0,320.0,207.45,470.74,1,-1,-1,-1
508,3,1349.0,440.0,94.66,214.81,1,-1,-1,-1
508,4,1609.0,456.0,79.918,181.35,1,-1,-1,-1
509,0,620.0,323.0,94.66,214.81,1,-1,-1,-1
509,2,449.0,254.0,270.83,614.58,1,-1,-1,-1
510,0,1829.0,396.0,94.66,214.81,1,-1,-1,-1
511,3,1532.0,403.0,113.37,257.27,1,-1,-1,-1
512,1,490.0,254.0,270.83,614.58,1,-1,-1,-1
512,2,620.0,318.0,226.74,514.53,1,-1,-1,-1
512,5,28.0,558.0,103.17,234.13,1,-1,-1,-1
513,3,1555.0,403.0,270.83,614.58,1,-1,-1,-1
514,2,532.0,254.0,270.83,614.58,1,-1,-1,-1
514,3,57.0,183.0,87.838,199.32,1,-1,-1,-1
514,5,1844.0,396.0,94.66,214.81,1,-1,-1,-1
515,0,1549.0,403.0,113.37,257.27,1,-1,-1,-1
515,1,532.0,254.0,270.83,614.58,1,-1,-1,-1
515,3,1471.0,418.0,103.17,234.13,1,-1,-1,-1
516,3,1862.0,532.0,36.723,83.333,1,-1,-1,-1
516,4,775.0,514.0,123.42,280.06,1,-1,-1,-1
517,0,1583.0,431.0,103.17,234.13,1,-1,-1,-1
517,1,1958.0,482.0,270.83,614.58,1,-1,-1,-1
517,2,1364.0,440.0,94.66,214.81,1,-1,-1,-1
517,5,1551.0,415.0,103.17,234.13,1,-1,-1,-1
518,1,423.0,226.0,103.17,234.13,1,-1,-1,-1
518,3,1615.0,415.0,103.17,234.13,1,-1,-1,-1
518,4,1837.0,383.0,103.17,234.13,1,-1,-1,-1
519,0,1361.0,431.0,103.17,234.13,1,-1,-1,-1
519,1,643.0,275.0,250.0,567.31,1,-1,-1,-1
520,2,1630.0,415.0,103.17,234.13,1,-1,-1,-1
520,3,1635.0,415.0,103.17,234.13,1,-1,-1,-1
520,4,1403.0,461.0,87.838,199.32,1,-1,-1,-1
521,0,657.0,254.0,270.83,614.58,1,-1,-1,-1
521,3,1939.0,367.0,103.17,234.13,1,-1,-1,-1
522,3,1429.0,454.0,56.686,128.63,1,-1,-1,-1
522,4,1844.0,396.0,94.66,214.81,1,-1,-1,-1
523,0,691.0,282.0,250.0,567.31,1,-1,-1,-1
524,0,689.0,283.0,226.74,514.53,1,-1,-1,-1
524,3,1430.0,465.0,52.0,118.0,1,-1,-1,-1
